gtrieScanner Results
------------------------------------------
General Information

Start of Computation: 17h26m55s 29/05/2019
End of Computation: 17h26m56s 29/05/2019

Subgraph Size: 7
Graph File: "../clustered/trial1/clusters/LGN/graphs/color1.txt"
Directed: YES
Nr Nodes: 417
Nr Edges: 45

Method: ESU on original network
Different Types of Subgraphs Found [Original Network]: 44
Subgraph Occurrences Found [Original Network]: 118202
Time for computing census on original network: 0.388297s
Average time for census on random network: 0.000000s

Number of random networks: 0
Random seed: 1559165215
Exchanges per edge: 3
Number of tries per exchange: 10
------------------------------------------
Motif Analysis Results

Graph     Org_Freq |  Z-score |    Rnd_Avg +/-    Rnd_Dev

0111111
0000000
0000000
0000000
0000000
0000000
0000000      24759 |     0.00 |       0.00 +/-       0.00

0000000
1001000
1000111
0000000
0000000
0000000
0000000      23392 |     0.00 |       0.00 +/-       0.00

0000000
1001011
1001100
0000000
0000000
0000000
0000000      19398 |     0.00 |       0.00 +/-       0.00

0000000
1001100
1000011
0000000
0000000
0000000
0000000      16185 |     0.00 |       0.00 +/-       0.00

0000000
1001111
1000000
0000000
0000000
0000000
0000000      10508 |     0.00 |       0.00 +/-       0.00

0000000
1001111
1001000
0000000
0000000
0000000
0000000       6587 |     0.00 |       0.00 +/-       0.00

0000000
1001110
1001101
0000000
0000000
0000000
0000000       3514 |     0.00 |       0.00 +/-       0.00

0000000
1001111
1001100
0000000
0000000
0000000
0000000       3241 |     0.00 |       0.00 +/-       0.00

0110001
0000000
0000000
0100010
0010000
0000000
0000000       1727 |     0.00 |       0.00 +/-       0.00

0000000
1000011
1000100
1000000
0000000
0000000
0000000       1692 |     0.00 |       0.00 +/-       0.00

0000000
1001010
1001001
0000000
1000000
0000000
0000000        918 |     0.00 |       0.00 +/-       0.00

0000000
1001011
1001000
0000000
1000000
0000000
0000000        882 |     0.00 |       0.00 +/-       0.00

0000000
1001111
1001110
0000000
0000000
0000000
0000000        700 |     0.00 |       0.00 +/-       0.00

0110000
0000000
0000000
0100011
0010000
0000000
0000000        677 |     0.00 |       0.00 +/-       0.00

0110011
0000000
0000000
0100000
0010000
0000000
0000000        614 |     0.00 |       0.00 +/-       0.00

0110000
0000000
0000000
0100010
0010001
0000000
0000000        494 |     0.00 |       0.00 +/-       0.00

0000000
1000111
1000000
1000000
0000000
0000000
0000000        408 |     0.00 |       0.00 +/-       0.00

0000000
1001001
1001000
0000000
1000010
0000000
0000000        390 |     0.00 |       0.00 +/-       0.00

0000000
1001101
1001100
0000000
0000000
1000000
0000000        380 |     0.00 |       0.00 +/-       0.00

0000000
1001100
1001001
0000000
0000000
0000100
0000000        312 |     0.00 |       0.00 +/-       0.00

0000000
1001101
1001000
0000000
0000000
0000100
0000000        293 |     0.00 |       0.00 +/-       0.00

0000000
1000100
1000010
1000001
0000000
0000000
0000000        180 |     0.00 |       0.00 +/-       0.00

0000000
1001100
1001000
0000000
0000000
0000101
0000000        142 |     0.00 |       0.00 +/-       0.00

0000000
1001010
1001001
0000000
1000010
0000000
0000000        110 |     0.00 |       0.00 +/-       0.00

0110010
0000000
0000000
0110001
0110000
0000000
0000000        109 |     0.00 |       0.00 +/-       0.00

0110011
0000000
0000000
0110010
0110000
0000000
0000000        105 |     0.00 |       0.00 +/-       0.00

0000000
1001000
1001000
0000000
1000011
0000000
0000000         90 |     0.00 |       0.00 +/-       0.00

0000000
1001011
1001000
0000000
1000010
0000000
0000000         90 |     0.00 |       0.00 +/-       0.00

0110011
0000000
0000000
0110000
0110000
0000000
0000000         81 |     0.00 |       0.00 +/-       0.00

0000000
1001110
1001100
0000000
0000000
0000000
0000010         45 |     0.00 |       0.00 +/-       0.00

0000000
1001111
1001111
0000000
0000000
0000000
0000000         21 |     0.00 |       0.00 +/-       0.00

0000000
1001100
1001100
0000000
0000000
1000001
0000000         20 |     0.00 |       0.00 +/-       0.00

0000000
1001101
1001100
0000000
0000000
1000001
0000000         20 |     0.00 |       0.00 +/-       0.00

0000000
1001110
1001110
0000000
0000000
0000000
1000000         20 |     0.00 |       0.00 +/-       0.00

0110000
0000000
0000000
0100001
0010000
0100000
0000000         20 |     0.00 |       0.00 +/-       0.00

0110001
0000000
0000000
0100000
0010000
0010000
0000000         18 |     0.00 |       0.00 +/-       0.00

0110010
0000000
0000000
0110010
0110001
0000000
0000000         15 |     0.00 |       0.00 +/-       0.00

0110000
0000000
0000000
0100001
0010000
0010000
0000000         12 |     0.00 |       0.00 +/-       0.00

0000000
1001100
1001000
0000000
0000000
0000100
1000000         10 |     0.00 |       0.00 +/-       0.00

0110011
0000000
0000000
0110011
0110000
0000000
0000000         10 |     0.00 |       0.00 +/-       0.00

0000000
1001000
1000100
0000000
0000000
0001000
0000100          5 |     0.00 |       0.00 +/-       0.00

0110011
0000000
0000000
0110010
0110001
0000000
0000000          5 |     0.00 |       0.00 +/-       0.00

0000000
1001000
1001000
0000000
1000010
0000000
0000010          2 |     0.00 |       0.00 +/-       0.00

0110010
0000000
0000000
0110000
0110000
0000000
0000010          1 |     0.00 |       0.00 +/-       0.00

