gtrieScanner Results
------------------------------------------
General Information

Start of Computation: 17h26m55s 29/05/2019
End of Computation: 17h26m55s 29/05/2019

Subgraph Size: 7
Graph File: "../clustered/trial1/clusters/LGN/graphs/color10.txt"
Directed: YES
Nr Nodes: 420
Nr Edges: 43

Method: ESU on original network
Different Types of Subgraphs Found [Original Network]: 63
Subgraph Occurrences Found [Original Network]: 13283
Time for computing census on original network: 0.043057s
Average time for census on random network: 0.000000s

Number of random networks: 0
Random seed: 1559165215
Exchanges per edge: 3
Number of tries per exchange: 10
------------------------------------------
Motif Analysis Results

Graph     Org_Freq |  Z-score |    Rnd_Avg +/-    Rnd_Dev

0000000
1000011
1000100
1000000
0000000
0000000
0000000       2589 |     0.00 |       0.00 +/-       0.00

0000000
1000010
1000001
1000000
1000000
0000000
0000000       1350 |     0.00 |       0.00 +/-       0.00

0000000
1001000
1000111
0000000
0000000
0000000
0000000        922 |     0.00 |       0.00 +/-       0.00

0000000
1001001
1001000
0000000
1000010
0000000
0000000        895 |     0.00 |       0.00 +/-       0.00

0000000
1000100
1000010
1000001
0000000
0000000
0000000        696 |     0.00 |       0.00 +/-       0.00

0000000
1001100
1000011
0000000
0000000
0000000
0000000        655 |     0.00 |       0.00 +/-       0.00

0000000
1000011
1000000
1000000
1000000
0000000
0000000        534 |     0.00 |       0.00 +/-       0.00

0000000
1001011
1001100
0000000
0000000
0000000
0000000        498 |     0.00 |       0.00 +/-       0.00

0000000
1000111
1000000
1000000
0000000
0000000
0000000        488 |     0.00 |       0.00 +/-       0.00

0000000
1001000
1001000
0000000
1000001
1000000
0000000        471 |     0.00 |       0.00 +/-       0.00

0000000
1001011
1001000
0000000
1000000
0000000
0000000        424 |     0.00 |       0.00 +/-       0.00

0000000
1001001
1001000
0000000
1000000
1000000
0000000        406 |     0.00 |       0.00 +/-       0.00

0110010
0000000
0000000
0110001
0110000
0000000
0000000        392 |     0.00 |       0.00 +/-       0.00

0000000
1001010
1001001
0000000
1000000
0000000
0000000        329 |     0.00 |       0.00 +/-       0.00

0000000
1000001
1000000
1000000
1000000
1000000
0000000        261 |     0.00 |       0.00 +/-       0.00

0000000
1001000
1001000
0000000
1000011
0000000
0000000        260 |     0.00 |       0.00 +/-       0.00

0110011
0000000
0000000
0110000
0110000
0000000
0000000        222 |     0.00 |       0.00 +/-       0.00

0000000
1001111
1000000
0000000
0000000
0000000
0000000        206 |     0.00 |       0.00 +/-       0.00

0110001
0000000
0000000
0110000
0110000
0100000
0000000        187 |     0.00 |       0.00 +/-       0.00

0000000
1001111
1001000
0000000
0000000
0000000
0000000        181 |     0.00 |       0.00 +/-       0.00

0110001
0000000
0000000
0110000
0110000
0110000
0000000        135 |     0.00 |       0.00 +/-       0.00

0110011
0000000
0000000
0110010
0110000
0000000
0000000        124 |     0.00 |       0.00 +/-       0.00

0000000
1001101
1001100
0000000
0000000
1000000
0000000        112 |     0.00 |       0.00 +/-       0.00

0000000
1001000
1001000
0000000
1000000
1000000
1000000         81 |     0.00 |       0.00 +/-       0.00

0110010
0000000
0000000
0110010
0110001
0000000
0000000         73 |     0.00 |       0.00 +/-       0.00

0110000
0000000
0000000
0100001
0010000
0100000
0000000         71 |     0.00 |       0.00 +/-       0.00

0000000
1001010
1001001
0000000
1000010
0000000
0000000         67 |     0.00 |       0.00 +/-       0.00

0000000
1001100
1001100
0000000
0000000
1000001
0000000         60 |     0.00 |       0.00 +/-       0.00

0110000
0000000
0000000
0100011
0010000
0000000
0000000         60 |     0.00 |       0.00 +/-       0.00

0000000
1001111
1001100
0000000
0000000
0000000
0000000         57 |     0.00 |       0.00 +/-       0.00

0110000
0000000
0000000
0100010
0010001
0000000
0000000         52 |     0.00 |       0.00 +/-       0.00

0000000
1001110
1001101
0000000
0000000
0000000
0000000         51 |     0.00 |       0.00 +/-       0.00

0110000
0000000
0000000
0110000
0110000
0100001
0000000         50 |     0.00 |       0.00 +/-       0.00

0111111
0000000
0000000
0000000
0000000
0000000
0000000         36 |     0.00 |       0.00 +/-       0.00

0110001
0000000
0000000
0110001
0110000
0110000
0000000         33 |     0.00 |       0.00 +/-       0.00

0110010
0000000
0000000
0110010
0110000
0000000
0100000         32 |     0.00 |       0.00 +/-       0.00

0000000
1001000
1001000
0000000
1000001
1000001
0000000         25 |     0.00 |       0.00 +/-       0.00

0000000
1001100
1001100
0000000
0000000
1000000
1000000         25 |     0.00 |       0.00 +/-       0.00

0000000
1001010
1001000
0000000
1000010
0000000
1000000         24 |     0.00 |       0.00 +/-       0.00

0110000
0000000
0000000
0110000
0110000
0110000
0100000         15 |     0.00 |       0.00 +/-       0.00

0110000
0000000
0000000
0100001
0010000
0010000
0000000         14 |     0.00 |       0.00 +/-       0.00

0110001
0000000
0000000
0100010
0010000
0000000
0000000         12 |     0.00 |       0.00 +/-       0.00

0110001
0000000
0000000
0110000
0110000
0100001
0000000         12 |     0.00 |       0.00 +/-       0.00

0000000
1001111
1001110
0000000
0000000
0000000
0000000         10 |     0.00 |       0.00 +/-       0.00

0110000
0000000
0000000
0100000
0010000
0010000
0010000         10 |     0.00 |       0.00 +/-       0.00

0110000
0000000
0000000
0110000
0110000
0100000
0100000          9 |     0.00 |       0.00 +/-       0.00

0000000
1000000
1000000
1000000
1000000
1000000
1000000          8 |     0.00 |       0.00 +/-       0.00

0000000
1001000
1001000
0000000
1000010
0000000
0000010          8 |     0.00 |       0.00 +/-       0.00

0000000
1001011
1001000
0000000
1000010
0000000
0000000          8 |     0.00 |       0.00 +/-       0.00

0110011
0000000
0000000
0110011
0110000
0000000
0000000          7 |     0.00 |       0.00 +/-       0.00

0110000
0000000
0000000
0110000
0110000
0110000
0110000          6 |     0.00 |       0.00 +/-       0.00

0110011
0000000
0000000
0110010
0110010
0000000
0000000          6 |     0.00 |       0.00 +/-       0.00

0000000
1001000
1000100
0000000
0000000
0001000
0000100          4 |     0.00 |       0.00 +/-       0.00

0110011
0000000
0000000
0110010
0110001
0000000
0000000          4 |     0.00 |       0.00 +/-       0.00

0110010
0000000
0000000
0110010
0110010
0000000
0110000          3 |     0.00 |       0.00 +/-       0.00

0000000
1001100
1001001
0000000
0000000
0000100
0000000          2 |     0.00 |       0.00 +/-       0.00

0000000
1001101
1001000
0000000
0000000
0000100
0000000          2 |     0.00 |       0.00 +/-       0.00

0000000
1001101
1001100
0000000
0000000
1000001
0000000          2 |     0.00 |       0.00 +/-       0.00

0000000
1001110
1001110
0000000
0000000
0000000
1000000          2 |     0.00 |       0.00 +/-       0.00

0110011
0000000
0000000
0100000
0010000
0000000
0000000          2 |     0.00 |       0.00 +/-       0.00

0000000
1001100
1001000
0000000
0000000
0000101
0000000          1 |     0.00 |       0.00 +/-       0.00

0110010
0000000
0000000
0110010
0110010
0000000
0100000          1 |     0.00 |       0.00 +/-       0.00

0110011
0000000
0000000
0110011
0110010
0000000
0000000          1 |     0.00 |       0.00 +/-       0.00

