gtrieScanner Results
------------------------------------------
General Information

Start of Computation: 17h02m04s 18/06/2019
End of Computation: 17h02m04s 18/06/2019

Subgraph Size: 8
Graph File: "../clustered/trial3/graphs/color1.txt"
Directed: YES
Nr Nodes: 52
Nr Edges: 72

Method: ESU on original network
Different Types of Subgraphs Found [Original Network]: 163
Subgraph Occurrences Found [Original Network]: 165
Time for computing census on original network: 0.001800s
Average time for census on random network: 0.000000s

Number of random networks: 0
Random seed: 1560891724
Exchanges per edge: 3
Number of tries per exchange: 10
------------------------------------------
Motif Analysis Results

Graph      Org_Freq |  Z-score |    Rnd_Avg +/-    Rnd_Dev

01111111
10111001
11011001
11100110
11110101
11010011
10110100
11000000          2 |     0.00 |       0.00 +/-       0.00

01111111
10111101
11011001
11100011
10100110
10001011
10001100
01100000          2 |     0.00 |       0.00 +/-       0.00

01100000
10010001
11001100
11100011
10110100
10101000
01010101
01010010          1 |     0.00 |       0.00 +/-       0.00

01100110
10101010
11001000
11101101
00110100
10011001
11110000
00011100          1 |     0.00 |       0.00 +/-       0.00

01110001
10110001
11001110
11101001
10100111
01101010
00101100
10000000          1 |     0.00 |       0.00 +/-       0.00

01110100
10110001
11011000
11100000
11000111
10001011
00011101
00001100          1 |     0.00 |       0.00 +/-       0.00

01110100
10110100
11001011
11101100
10100111
10000001
01101001
00001100          1 |     0.00 |       0.00 +/-       0.00

01110110
10110010
11001101
11100011
10110101
10101001
01010001
00100010          1 |     0.00 |       0.00 +/-       0.00

01110110
10110100
11001011
11101100
10100111
10000010
00001100
01101010          1 |     0.00 |       0.00 +/-       0.00

01110110
10110100
11001011
11101100
10100111
10000010
00001101
00101010          1 |     0.00 |       0.00 +/-       0.00

01110110
10110100
11001011
11101100
11100111
11000010
00001100
00101010          1 |     0.00 |       0.00 +/-       0.00

01111001
10111000
11011000
11100111
11110100
11010011
00110101
00000100          1 |     0.00 |       0.00 +/-       0.00

01111001
10111010
11011100
11101000
11000010
11001011
00001101
10000110          1 |     0.00 |       0.00 +/-       0.00

01111010
10110010
11001101
11100010
10100101
01101001
10000001
00001010          1 |     0.00 |       0.00 +/-       0.00

01111010
10110010
11001101
11101011
10100101
10111001
11010000
00101000          1 |     0.00 |       0.00 +/-       0.00

01111010
10110101
11001110
11000101
10100100
00011000
11101000
01010100          1 |     0.00 |       0.00 +/-       0.00

01111010
10111000
11011000
11100111
11000010
11011011
00001100
00110110          1 |     0.00 |       0.00 +/-       0.00

01111010
10111000
11011000
11100111
11110100
11010011
10010101
00110110          1 |     0.00 |       0.00 +/-       0.00

01111010
10111000
11011100
11101000
11000000
11001011
10000101
00010110          1 |     0.00 |       0.00 +/-       0.00

01111010
10111000
11011100
11101000
11000010
11001011
00001100
00010110          1 |     0.00 |       0.00 +/-       0.00

01111010
10111001
11011000
11100111
11110100
11010011
10010101
00000110          1 |     0.00 |       0.00 +/-       0.00

01111010
10111100
11011000
11101000
11000100
00001010
10000101
00100110          1 |     0.00 |       0.00 +/-       0.00

01111100
10110100
11000100
10001011
10010111
00100001
10011001
00001100          1 |     0.00 |       0.00 +/-       0.00

01111100
10110100
11001000
01001011
00110000
11100001
10011001
00011010          1 |     0.00 |       0.00 +/-       0.00

01111100
10110100
11001011
11101110
10100111
01010010
00101100
10111010          1 |     0.00 |       0.00 +/-       0.00

01111100
10111001
11011000
11100100
10100111
10001011
11001101
00001000          1 |     0.00 |       0.00 +/-       0.00

01111100
10111001
11011000
11100111
11110000
10010011
00110101
00000100          1 |     0.00 |       0.00 +/-       0.00

01111100
10111001
11011000
11101100
01100001
10000011
11000101
00001000          1 |     0.00 |       0.00 +/-       0.00

01111100
10111010
11011000
11100111
11000010
10010011
00001100
00110110          1 |     0.00 |       0.00 +/-       0.00

01111100
10111100
11011100
11101110
11100011
11000000
11001101
00101010          1 |     0.00 |       0.00 +/-       0.00

01111101
10110100
11001011
11101110
10100111
01010010
00101100
10101010          1 |     0.00 |       0.00 +/-       0.00

01111101
10111001
11011001
11100101
11000110
10001010
10101100
01100000          1 |     0.00 |       0.00 +/-       0.00

01111101
10111100
11011100
11101110
11100011
11000000
11001101
10001010          1 |     0.00 |       0.00 +/-       0.00

01111101
10111100
11011100
11101110
11100011
11000001
11001101
00000110          1 |     0.00 |       0.00 +/-       0.00

01111110
10110010
11001000
01001101
00110100
00111001
11100001
00011100          1 |     0.00 |       0.00 +/-       0.00

01111110
10110010
11001101
11101011
10100101
10101001
11010100
00101000          1 |     0.00 |       0.00 +/-       0.00

01111110
10111100
11011000
11101000
10100010
01001011
00001100
11000110          1 |     0.00 |       0.00 +/-       0.00

01111110
10111100
11011000
11101010
01100000
10001011
10000101
11000110          1 |     0.00 |       0.00 +/-       0.00

01111110
10111100
11011100
11101000
11000010
01100011
00001100
10100110          1 |     0.00 |       0.00 +/-       0.00

01111110
10111100
11011100
11101100
11100011
11000000
10001001
00101010          1 |     0.00 |       0.00 +/-       0.00

01111110
10111100
11011100
11101100
11100011
11000010
00000100
00101010          1 |     0.00 |       0.00 +/-       0.00

01111110
10111101
11011000
11101010
01100001
10001011
10000101
00001100          1 |     0.00 |       0.00 +/-       0.00

01111110
10111101
11011100
11101010
01100001
10100011
10000101
00001100          1 |     0.00 |       0.00 +/-       0.00

01111110
10111101
11011100
11101100
11100011
11000001
10001001
00000110          1 |     0.00 |       0.00 +/-       0.00

01111110
10111110
11011100
11101000
01100000
10100011
10001101
11000110          1 |     0.00 |       0.00 +/-       0.00

01111111
10110001
11011000
11100000
11000111
10011011
10001101
00001010          1 |     0.00 |       0.00 +/-       0.00

01111111
10110010
11001101
11100011
10110101
10101001
11010100
10100000          1 |     0.00 |       0.00 +/-       0.00

01111111
10110011
11001100
11100111
11110100
10100001
11010001
00010100          1 |     0.00 |       0.00 +/-       0.00

01111111
10110100
11010001
11101000
11100111
11001011
10001101
00001100          1 |     0.00 |       0.00 +/-       0.00

01111111
10110101
11001010
11101111
10100110
01011000
10101100
11010100          1 |     0.00 |       0.00 +/-       0.00

01111111
10110101
11001110
11101101
10100100
00011000
11111000
11010100          1 |     0.00 |       0.00 +/-       0.00

01111111
10110101
11010011
11100010
11110110
11001010
00011100
11110000          1 |     0.00 |       0.00 +/-       0.00

01111111
10111000
11011000
11100111
11110100
11010011
10110101
00000100          1 |     0.00 |       0.00 +/-       0.00

01111111
10111000
11011000
11100111
11110100
11010011
10110101
10010110          1 |     0.00 |       0.00 +/-       0.00

01111111
10111000
11011100
11101000
11000000
11001011
10010101
10000110          1 |     0.00 |       0.00 +/-       0.00

01111111
10111000
11011100
11101000
11000001
11001011
10010101
00001100          1 |     0.00 |       0.00 +/-       0.00

01111111
10111001
11011000
11100111
11110000
10110011
10010101
00000010          1 |     0.00 |       0.00 +/-       0.00

01111111
10111001
11011000
11100111
11110100
11010011
10010101
00000110          1 |     0.00 |       0.00 +/-       0.00

01111111
10111001
11011000
11100111
11110100
11010011
10110101
00000100          1 |     0.00 |       0.00 +/-       0.00

01111111
10111001
11011000
11100111
11110100
11110011
10010101
00000100          1 |     0.00 |       0.00 +/-       0.00

01111111
10111001
11011000
11101010
01100001
11010011
10010101
10001000          1 |     0.00 |       0.00 +/-       0.00

01111111
10111001
11011001
11100011
11000110
10101010
10001100
01100000          1 |     0.00 |       0.00 +/-       0.00

01111111
10111001
11011001
11100110
11110001
11010010
10010100
10100000          1 |     0.00 |       0.00 +/-       0.00

01111111
10111001
11011100
11101000
11110000
11010011
10001101
00000100          1 |     0.00 |       0.00 +/-       0.00

01111111
10111010
11011000
11100000
11110000
11110011
11000101
10001110          1 |     0.00 |       0.00 +/-       0.00

01111111
10111010
11011000
11100010
11110000
11110011
00010100
10001110          1 |     0.00 |       0.00 +/-       0.00

01111111
10111010
11011000
11100010
11110100
11110011
00010100
10000110          1 |     0.00 |       0.00 +/-       0.00

01111111
10111010
11011000
11101100
11100000
11101011
11000101
10000110          1 |     0.00 |       0.00 +/-       0.00

01111111
10111010
11011001
11100001
11110100
11110011
11000101
00010110          1 |     0.00 |       0.00 +/-       0.00

01111111
10111010
11011001
11101100
11110000
11100011
11000101
00000110          1 |     0.00 |       0.00 +/-       0.00

01111111
10111010
11011010
11100011
11000101
11011001
00010001
10000010          1 |     0.00 |       0.00 +/-       0.00

01111111
10111010
11011010
11100101
11110110
11010011
11000000
10010100          1 |     0.00 |       0.00 +/-       0.00

01111111
10111010
11011010
11100101
11110110
11010011
11000001
00000110          1 |     0.00 |       0.00 +/-       0.00

01111111
10111010
11011010
11100101
11110110
11110011
11100000
10010100          1 |     0.00 |       0.00 +/-       0.00

01111111
10111010
11011100
11101000
11000001
11001011
11000101
00001110          1 |     0.00 |       0.00 +/-       0.00

01111111
10111010
11011100
11101000
11000010
11001011
00001100
10010110          1 |     0.00 |       0.00 +/-       0.00

01111111
10111010
11011100
11101000
11000010
11001011
00001101
10000110          1 |     0.00 |       0.00 +/-       0.00

01111111
10111010
11011100
11101000
11110000
11010011
11000101
10001110          1 |     0.00 |       0.00 +/-       0.00

01111111
10111010
11011110
11000101
01100100
10011000
11101000
10110100          1 |     0.00 |       0.00 +/-       0.00

01111111
10111011
11010110
11100100
11110111
10110010
00001100
11001010          1 |     0.00 |       0.00 +/-       0.00

01111111
10111011
11011001
11100110
11110001
11011010
11010100
00101000          1 |     0.00 |       0.00 +/-       0.00

01111111
10111011
11011001
11100110
11110101
11010011
11010100
11000000          1 |     0.00 |       0.00 +/-       0.00

01111111
10111011
11011001
11100110
11110101
11110011
11010100
11100000          1 |     0.00 |       0.00 +/-       0.00

01111111
10111011
11011010
11100101
11110110
11010011
11000001
00000110          1 |     0.00 |       0.00 +/-       0.00

01111111
10111011
11011010
11100101
11110110
11110011
11100001
00000110          1 |     0.00 |       0.00 +/-       0.00

01111111
10111011
11011100
11100110
11100011
10110010
00001100
11001010          1 |     0.00 |       0.00 +/-       0.00

01111111
10111011
11011110
11101001
11110001
11110011
11100100
11010000          1 |     0.00 |       0.00 +/-       0.00

01111111
10111100
11011000
11101000
00100010
11001011
10001100
11000110          1 |     0.00 |       0.00 +/-       0.00

01111111
10111100
11011000
11101000
11000001
11000011
10100101
00001100          1 |     0.00 |       0.00 +/-       0.00

01111111
10111100
11011000
11101000
11000100
00001001
10100101
10000110          1 |     0.00 |       0.00 +/-       0.00

01111111
10111100
11011000
11101001
01100100
10001000
11000101
10000110          1 |     0.00 |       0.00 +/-       0.00

01111111
10111100
11011001
11100111
11110000
11010011
10010101
00000100          1 |     0.00 |       0.00 +/-       0.00

01111111
10111100
11011001
11101000
11110000
11000011
10010101
00000100          1 |     0.00 |       0.00 +/-       0.00

01111111
10111100
11011001
11101100
11110000
11000011
11100101
10000000          1 |     0.00 |       0.00 +/-       0.00

01111111
10111100
11011010
11100010
11110000
11000011
00010100
10000110          1 |     0.00 |       0.00 +/-       0.00

01111111
10111100
11011010
11100010
11110000
11000011
00010100
10001110          1 |     0.00 |       0.00 +/-       0.00

01111111
10111100
11011100
11100100
11000011
00010001
11001001
10000100          1 |     0.00 |       0.00 +/-       0.00

01111111
10111100
11011100
11100100
11100011
01000010
10001100
10101010          1 |     0.00 |       0.00 +/-       0.00

01111111
10111100
11011100
11101100
11100011
11000001
10101001
00000100          1 |     0.00 |       0.00 +/-       0.00

01111111
10111100
11011100
11101100
11110011
11100000
11101101
10011010          1 |     0.00 |       0.00 +/-       0.00

01111111
10111100
11011100
11101100
11110011
11111010
11101001
10011010          1 |     0.00 |       0.00 +/-       0.00

01111111
10111100
11011100
11101110
11100011
01010010
10001100
10111010          1 |     0.00 |       0.00 +/-       0.00

01111111
10111100
11011100
11101110
11110100
11100000
11100101
10001010          1 |     0.00 |       0.00 +/-       0.00

01111111
10111101
11010010
11100010
11100111
11011001
10100001
00001010          1 |     0.00 |       0.00 +/-       0.00

01111111
10111101
11010011
11100010
11100111
11011001
10100001
00001010          1 |     0.00 |       0.00 +/-       0.00

01111111
10111101
11011001
11100110
11110001
11010010
10110100
11000000          1 |     0.00 |       0.00 +/-       0.00

01111111
10111101
11011001
11100110
11110101
11010010
11011100
11101000          1 |     0.00 |       0.00 +/-       0.00

01111111
10111101
11011001
11100110
11110101
11010011
11011100
00101000          1 |     0.00 |       0.00 +/-       0.00

01111111
10111101
11011001
11100110
11110111
11010011
10010101
00101010          1 |     0.00 |       0.00 +/-       0.00

01111111
10111101
11011010
11100101
11100010
11011001
10100001
00010010          1 |     0.00 |       0.00 +/-       0.00

01111111
10111101
11011010
11100101
11100010
11011001
11101000
00010000          1 |     0.00 |       0.00 +/-       0.00

01111111
10111101
11011100
11101000
11110000
10100011
11100101
10000100          1 |     0.00 |       0.00 +/-       0.00

01111111
10111101
11011100
11101100
11100011
11000001
10101001
00000100          1 |     0.00 |       0.00 +/-       0.00

01111111
10111101
11011100
11101100
11110000
10110011
11100101
10000100          1 |     0.00 |       0.00 +/-       0.00

01111111
10111101
11011100
11101100
11110011
11100001
10011001
00000100          1 |     0.00 |       0.00 +/-       0.00

01111111
10111101
11011100
11101100
11110011
11100001
11101101
00000110          1 |     0.00 |       0.00 +/-       0.00

01111111
10111101
11011100
11101100
11110011
11111000
10101001
00000000          1 |     0.00 |       0.00 +/-       0.00

01111111
10111101
11011100
11101100
11110011
11111010
11101001
00000010          1 |     0.00 |       0.00 +/-       0.00

01111111
10111101
11011100
11101100
11110011
11111010
11101001
11001010          1 |     0.00 |       0.00 +/-       0.00

01111111
10111101
11011100
11101110
11100011
00110010
10001100
11001010          1 |     0.00 |       0.00 +/-       0.00

01111111
10111101
11011100
11101110
11110100
11100000
11100101
11000010          1 |     0.00 |       0.00 +/-       0.00

01111111
10111101
11011100
11101110
11110100
11100001
11100101
00000110          1 |     0.00 |       0.00 +/-       0.00

01111111
10111110
11011000
11101000
01100100
10001010
10001101
11000110          1 |     0.00 |       0.00 +/-       0.00

01111111
10111110
11011000
11101001
01100100
10001010
10001101
10000110          1 |     0.00 |       0.00 +/-       0.00

01111111
10111110
11011000
11101100
01100010
10011011
10001100
11010110          1 |     0.00 |       0.00 +/-       0.00

01111111
10111110
11011000
11101101
01100010
10011011
10001100
10010110          1 |     0.00 |       0.00 +/-       0.00

01111111
10111110
11011010
11100010
11000101
11001011
00010001
10000110          1 |     0.00 |       0.00 +/-       0.00

01111111
10111110
11011010
11100101
11110010
11010001
11000001
00000110          1 |     0.00 |       0.00 +/-       0.00

01111111
10111110
11011100
11101000
10100001
01100011
01001101
00001110          1 |     0.00 |       0.00 +/-       0.00

01111111
10111110
11011100
11101001
01100010
10100011
10001100
10000110          1 |     0.00 |       0.00 +/-       0.00

01111111
10111110
11011100
11101100
11100010
11100011
00001000
10000110          1 |     0.00 |       0.00 +/-       0.00

01111111
10111110
11011100
11101100
11100011
11000010
00000101
10001010          1 |     0.00 |       0.00 +/-       0.00

01111111
10111110
11011100
11101100
11100011
11100000
11001001
10001010          1 |     0.00 |       0.00 +/-       0.00

01111111
10111110
11011100
11101100
11110010
11100011
11000101
11010110          1 |     0.00 |       0.00 +/-       0.00

01111111
10111110
11011100
11101100
11110011
11111000
11001001
10101010          1 |     0.00 |       0.00 +/-       0.00

01111111
10111110
11011100
11101100
11110100
01100010
10000100
11010010          1 |     0.00 |       0.00 +/-       0.00

01111111
10111110
11011100
11101100
11110100
11100000
11000001
10010010          1 |     0.00 |       0.00 +/-       0.00

01111111
10111110
11011100
11101100
11110100
11100010
00000100
10010010          1 |     0.00 |       0.00 +/-       0.00

01111111
10111110
11011100
11101100
11110110
00110000
11000001
11100010          1 |     0.00 |       0.00 +/-       0.00

01111111
10111110
11011101
11101001
11110001
11100010
11010100
10101000          1 |     0.00 |       0.00 +/-       0.00

01111111
10111110
11011101
11101010
11110000
11000011
11000101
10000100          1 |     0.00 |       0.00 +/-       0.00

01111111
10111110
11011101
11101100
11100011
11100001
11001001
00000110          1 |     0.00 |       0.00 +/-       0.00

01111111
10111110
11011101
11101100
11110010
11010011
11000101
10000100          1 |     0.00 |       0.00 +/-       0.00

01111111
10111110
11011101
11101100
11110011
11100001
11001001
00000110          1 |     0.00 |       0.00 +/-       0.00

01111111
10111110
11011101
11101100
11110011
11111000
11001001
00000010          1 |     0.00 |       0.00 +/-       0.00

01111111
10111110
11011101
11101100
11110100
11100001
11000001
00000110          1 |     0.00 |       0.00 +/-       0.00

01111111
10111110
11011101
11101100
11110110
00110001
11000001
10000100          1 |     0.00 |       0.00 +/-       0.00

01111111
10111110
11011110
11101100
11110100
01010000
10100101
11100010          1 |     0.00 |       0.00 +/-       0.00

01111111
10111110
11011110
11101110
11110010
11100001
01010000
10110100          1 |     0.00 |       0.00 +/-       0.00

01111111
10111110
11011110
11101110
11110110
11110001
11100000
10010100          1 |     0.00 |       0.00 +/-       0.00

01111111
10111110
11011110
11101110
11110111
11110001
11100000
11100110          1 |     0.00 |       0.00 +/-       0.00

01111111
10111110
11011111
11101100
11110000
11010011
11000101
10000110          1 |     0.00 |       0.00 +/-       0.00

01111111
10111111
11011001
11100110
11110101
11010011
11010100
00101000          1 |     0.00 |       0.00 +/-       0.00

01111111
10111111
11011001
11101000
11110000
11110011
11001101
00000100          1 |     0.00 |       0.00 +/-       0.00

01111111
10111111
11011100
11101001
11110000
11100011
11001101
00000100          1 |     0.00 |       0.00 +/-       0.00

01111111
10111111
11011101
11101100
11110010
11010011
11000101
11000110          1 |     0.00 |       0.00 +/-       0.00

01111111
10111111
11011101
11101101
11110011
11100010
11000100
00110000          1 |     0.00 |       0.00 +/-       0.00

01111111
10111111
11011110
11101100
11110100
01010001
10100101
10000110          1 |     0.00 |       0.00 +/-       0.00

01111111
10111111
11011110
11101100
11110101
00110000
11000101
11000010          1 |     0.00 |       0.00 +/-       0.00

01111111
10111111
11011110
11101110
11110010
10110001
01100001
10000110          1 |     0.00 |       0.00 +/-       0.00

01111111
10111111
11011110
11101110
11110110
11110001
11100000
11000100          1 |     0.00 |       0.00 +/-       0.00

01111111
10111111
11011110
11101110
11110110
11110001
11100001
00000010          1 |     0.00 |       0.00 +/-       0.00

01111111
10111111
11011111
11101101
11110001
11010010
11000101
00110000          1 |     0.00 |       0.00 +/-       0.00

