0
1
1
3
0
0
0
0
0
0
0
0
12
0
0
0
0
0
0
0
0
0
0
0
0
0
0
27
27
27
27
0
27
0
0
0
0
0
38
0
0
27
27
0
0
27
27
0
27
27
0
27
0
27
27
27
0
27
58
58
0
12
12
27
27
12
12
12
27
69
0
0
0
27
27
27
27
69
0
0
0
0
0
0
0
0
0
0
0
0
0
0
0
0
0
0
0
0
0
0
0
0
102
0
0
0
0
102
102
0
0
0
0
0
0
0
0
0
0
0
0
0
0
0
0
0
0
0
0
0
0
0
0
0
0
0
0
0
0
0
0
0
0
0
0
0
0
0
0
0
0
0
0
0
1
1
1
1
1
3
3
3
3
3
3
3
3
3
3
0
0
0
0
3
3
3
0
0
0
0
0
0
0
0
38
38
38
38
0
27
1
1
1
1
1
1
196
196
196
196
1
1
1
1
1
1
1
1
1
1
1
1
1
1
1
1
1
1
218
1
27
12
0
27
0
12
0
12
12
12
12
12
12
0
12
12
12
27
27
27
27
27
27
27
27
12
12
12
12
249
3
3
3
253
27
27
249
27
249
27
249
249
262
27
249
12
27
249
27
27
27
27
12
0
0
27
27
27
27
27
27
27
27
27
27
27
27
27
27
12
58
249
27
27
27
27
12
12
27
0
27
27
0
0
0
0
0
0
0
0
0
0
0
0
0
0
0
0
0
0
0
0
0
0
0
0
0
0
0
0
0
0
0
0
0
0
0
0
0
0
0
0
342
1
3
3
0
27
38
38
38
0
27
0
1
1
356
196
218
218
218
218
218
218
218
218
218
367
367
367
1
371
58
27
12
12
12
12
12
12
27
27
27
12
0
27
27
27
27
27
0
27
0
12
27
0
0
0
0
0
0
0
0
0
0
0
0
0
0
3
0
0
38
38
0
1
1
0
12
12
0
0