344	155
344	156
344	157
344	158
344	159
345	157
345	160
345	161
345	162
345	163
345	164
345	165
345	166
346	161
346	162
346	163
346	166
346	167
346	168
346	169
346	174
346	175
346	176
346	410
355	191
355	192
355	193
355	194
355	195
355	196
355	201
355	202
355	203
355	204
355	205
355	206
355	207
355	208
355	209
355	416
355	417
356	155
356	191
356	194
356	195
356	196
356	202
356	203
356	206
356	210
356	211
356	212
356	213
356	214
356	215
356	216
356	217
356	218
357	215
357	216
368	220
369	220
370	220
371	191
371	193
371	194
371	220
