1833
1	11
1	368
1	411
1	1150
2	1035
3	597
3	812
3	1817
5	38
5	41
5	60
5	69
5	170
5	228
5	766
5	1107
5	1303
5	1590
5	1638
7	669
7	1648
10	54
10	320
10	344
10	765
10	1085
10	1193
10	1195
10	1314
10	1367
10	1487
10	1703
10	1821
12	1484
12	1568
13	464
13	1696
14	45
14	76
14	77
14	96
14	262
14	293
14	455
14	526
14	671
14	700
14	763
14	767
14	796
14	838
14	856
14	1006
14	1026
14	1115
14	1116
14	1117
14	1120
14	1125
14	1212
14	1306
14	1350
14	1359
14	1410
14	1452
14	1549
14	1570
14	1633
15	21
15	22
15	27
15	170
15	771
15	1015
19	278
21	22
21	27
21	50
21	139
21	170
21	174
21	248
21	294
21	295
21	466
21	473
21	684
21	988
21	1027
21	1107
21	1476
21	1579
21	1663
22	15
22	21
22	72
22	170
22	294
22	295
22	365
22	654
27	21
27	41
27	58
27	72
27	127
27	178
27	207
27	283
27	531
27	559
27	567
27	771
27	868
27	925
27	939
27	1017
27	1126
27	1230
27	1267
27	1274
27	1410
27	1431
30	455
30	590
30	1394
30	1523
30	1675
31	147
31	223
31	267
31	293
31	338
31	350
31	453
31	501
31	716
31	723
31	757
31	791
31	850
31	860
31	1242
31	1322
31	1652
31	1734
31	1741
32	246
32	564
32	701
32	883
32	893
32	1028
32	1099
32	1130
32	1171
32	1285
32	1529
32	1531
32	1593
32	1795
32	1808
34	649
35	38
36	273
37	688
38	52
38	766
38	1094
38	1367
38	1602
38	1611
38	1681
38	1772
41	446
42	311
42	402
42	668
42	685
42	851
42	1303
43	1394
46	552
46	1641
50	21
50	27
50	170
50	365
50	1399
50	1528
50	1536
50	1664
53	41
53	72
53	170
53	228
53	702
53	766
53	1015
53	1302
53	1525
53	1605
54	86
54	344
54	872
54	1104
54	1289
54	1487
54	1683
54	1821
56	724
56	968
57	54
57	387
57	624
57	1082
57	1234
57	1314
57	1367
60	72
61	644
61	1353
61	1683
65	1195
68	1779
69	1611
69	1772
70	132
70	178
70	207
70	255
70	284
70	366
70	428
70	444
70	448
70	559
70	567
70	581
70	650
70	704
70	813
70	838
70	957
70	1017
70	1029
70	1230
70	1381
70	1459
70	1719
72	21
72	27
72	41
72	50
72	58
72	139
72	248
72	559
72	691
72	771
72	1015
72	1605
74	318
74	418
74	958
74	1394
77	14
79	1373
79	1802
80	391
81	746
82	1076
84	16
84	29
84	66
84	131
84	168
84	231
84	279
84	464
84	541
84	573
84	663
84	1810
85	70
85	132
85	313
85	650
85	1146
86	54
86	887
86	1182
87	636
88	583
89	1750
90	1460
92	1353
94	341
95	12
95	196
95	199
95	223
95	227
95	263
95	264
95	265
95	298
95	321
95	353
95	362
95	363
95	364
95	367
95	386
95	389
95	395
95	404
95	439
95	447
95	468
95	482
95	532
95	541
95	552
95	554
95	555
95	573
95	593
95	649
95	688
95	744
95	883
95	885
95	895
95	906
95	958
95	1000
95	1031
95	1034
95	1078
95	1106
95	1121
95	1133
95	1164
95	1240
95	1245
95	1255
95	1394
95	1451
95	1520
95	1534
95	1555
95	1671
95	1729
95	1739
95	1787
95	1789
95	1801
95	1804
95	1805
97	599
97	871
97	1158
97	1641
97	1780
99	1823
101	464
101	564
103	848
106	223
106	1143
106	1734
110	583
110	1636
116	120
116	318
116	645
116	731
116	814
116	894
116	1006
116	1089
116	1428
116	1774
116	1779
120	14
120	70
120	132
120	313
120	645
120	775
120	789
120	842
120	983
120	1128
120	1528
120	1553
121	446
122	1314
122	1602
127	1664
127	1757
128	226
128	1426
128	1476
132	70
132	85
132	120
132	139
132	144
132	156
132	277
132	284
132	294
132	295
132	313
132	676
132	684
132	688
132	690
132	726
132	743
132	880
132	1035
132	1090
132	1101
132	1146
132	1262
132	1397
132	1400
132	1480
132	1542
132	1593
132	1623
132	1663
132	1806
132	1822
133	700
133	757
133	1076
134	4
134	226
134	338
134	418
134	719
134	915
134	920
134	1311
134	1392
134	1457
134	1577
134	1766
134	1818
138	36
138	120
138	128
138	152
138	156
138	226
138	236
138	318
138	422
138	437
138	518
138	523
138	535
138	577
138	583
138	607
138	775
138	782
138	826
138	840
138	842
138	862
138	889
138	1037
138	1139
138	1174
138	1332
138	1400
138	1476
138	1553
138	1636
138	1663
138	1736
138	1765
138	1790
138	1821
138	1822
138	1828
142	134
142	155
142	1189
142	1448
142	1823
143	358
143	381
143	1663
144	2
144	4
144	75
144	134
144	156
144	166
144	290
144	404
144	690
144	740
144	915
144	920
144	1073
144	1146
144	1311
144	1394
144	1478
144	1512
144	1531
144	1541
144	1562
144	1654
144	1675
149	142
149	248
151	134
151	156
151	290
151	356
151	418
151	422
151	481
151	497
151	583
151	815
151	903
151	977
151	1022
151	1023
151	1084
151	1194
151	1375
151	1394
151	1457
151	1460
151	1675
152	134
152	142
152	156
152	236
152	496
152	719
152	993
152	1139
152	1208
152	1297
152	1339
152	1394
152	1800
155	248
155	1254
155	1394
156	248
156	273
156	318
161	1677
162	1394
164	113
164	229
164	389
164	463
164	554
164	1457
170	15
170	21
170	22
170	39
170	115
170	126
170	144
170	149
170	156
170	183
170	248
170	268
170	279
170	294
170	295
170	319
170	348
170	349
170	365
170	432
170	464
170	480
170	492
170	537
170	538
170	541
170	560
170	573
170	833
170	866
170	920
170	949
170	974
170	988
170	1018
170	1043
170	1049
170	1072
170	1107
170	1111
170	1278
170	1335
170	1392
170	1439
170	1577
170	1603
170	1605
170	1607
170	1608
170	1621
170	1629
170	1678
170	1759
171	726
171	1476
177	269
179	1158
183	473
189	48
189	232
189	272
189	530
189	814
189	971
189	1540
192	1428
195	279
195	464
195	1326
195	1620
195	1663
197	417
197	1071
197	1830
199	1739
207	27
207	58
207	70
207	375
207	525
207	775
207	813
207	1505
207	1719
208	425
208	455
208	1143
208	1550
209	564
209	1394
210	1644
211	976
211	1222
212	775
216	620
216	744
216	1704
220	369
220	724
223	1311
224	717
224	887
224	1222
225	61
225	603
225	1364
226	142
226	247
226	266
226	273
226	344
226	350
226	481
226	578
226	583
226	741
226	757
226	792
226	802
226	841
226	872
226	1022
226	1139
226	1311
226	1322
226	1410
226	1448
226	1741
226	1764
226	1819
228	69
228	1293
230	541
230	1008
230	1675
236	318
236	980
236	1553
237	145
237	505
239	1516
247	1394
248	139
248	155
248	1233
248	1833
249	1802
250	172
250	258
250	335
250	376
250	551
250	616
250	676
250	1055
250	1302
250	1333
255	813
255	1719
256	1641
256	1739
258	223
258	229
258	260
258	276
258	321
258	383
258	464
258	1122
258	1160
258	1229
258	1311
258	1523
258	1547
258	1562
258	1583
258	1623
258	1635
258	1806
259	284
259	726
259	1221
264	368
265	920
269	894
269	958
270	376
270	1523
271	590
273	570
273	1460
273	1620
275	777
276	80
276	105
276	258
276	321
276	613
276	690
276	701
276	744
276	849
276	893
276	997
276	1096
276	1428
276	1593
276	1623
276	1654
276	1741
276	1754
276	1785
276	1806
280	728
280	1553
280	1687
280	1694
284	134
284	156
284	195
284	209
284	237
284	265
284	336
284	424
284	428
284	464
284	599
284	759
284	1099
284	1451
284	1516
284	1567
284	1577
284	1616
284	1625
284	1696
284	1741
284	1758
284	1806
284	1826
285	1833
287	156
287	236
287	680
287	713
287	812
287	1139
287	1631
287	1714
290	31
290	265
290	481
290	1022
290	1457
290	1460
291	1799
293	272
293	446
293	723
293	1445
294	139
294	195
294	331
294	550
294	560
294	696
294	819
294	839
294	843
294	858
294	930
294	1335
294	1392
294	1394
294	1439
294	1478
294	1519
294	1577
294	1758
294	1759
295	134
295	142
295	149
295	162
295	195
295	248
295	294
295	318
295	404
295	418
295	509
295	560
295	563
295	592
295	625
295	819
295	836
295	915
295	920
295	961
295	1023
295	1041
295	1139
295	1261
295	1311
295	1392
295	1394
295	1404
295	1405
295	1439
295	1577
295	1675
295	1759
295	1766
295	1818
297	1483
303	700
303	983
304	128
304	171
304	226
304	402
304	685
304	726
304	1087
304	1400
304	1476
304	1821
308	583
310	529
310	533
310	535
310	542
310	607
310	1507
310	1736
311	976
312	1522
312	1565
313	2
313	4
313	15
313	30
313	85
313	132
313	144
313	203
313	223
313	264
313	265
313	273
313	284
313	294
313	321
313	330
313	348
313	349
313	404
313	424
313	464
313	492
313	495
313	541
313	560
313	573
313	591
313	625
313	646
313	649
313	660
313	665
313	668
313	676
313	690
313	746
313	750
313	778
313	823
313	834
313	858
313	866
313	883
313	915
313	920
313	942
313	974
313	1000
313	1008
313	1013
313	1028
313	1035
313	1073
313	1099
313	1109
313	1146
313	1199
313	1227
313	1248
313	1365
313	1392
313	1394
313	1439
313	1443
313	1464
313	1478
313	1501
313	1516
313	1551
313	1567
313	1577
313	1578
313	1607
313	1612
313	1618
313	1625
313	1638
313	1704
313	1799
313	1810
313	1833
315	441
318	193
318	956
318	1019
318	1076
318	1802
320	670
320	1104
320	1188
320	1487
320	1753
321	740
321	1676
321	1762
322	48
322	189
322	306
322	814
322	1052
322	1074
322	1128
322	1333
322	1360
327	226
335	1390
335	1635
335	1667
337	284
337	1352
340	139
343	49
343	224
343	887
343	976
344	669
344	864
344	1193
344	1270
344	1376
344	1648
345	1005
350	197
350	420
350	422
351	1011
357	421
358	29
358	143
358	379
358	764
358	898
358	934
358	979
358	1201
358	1288
358	1298
358	1313
358	1516
358	1547
360	1045
361	449
366	78
366	209
366	505
366	564
366	915
366	942
366	1296
366	1529
366	1562
366	1696
366	1704
368	1
368	248
368	318
368	418
368	476
368	564
368	690
368	915
368	1111
368	1394
368	1818
370	166
370	281
370	564
370	1394
370	1762
372	116
372	354
372	946
372	1085
372	1352
372	1367
373	590
375	63
375	143
375	178
375	207
375	282
375	366
375	381
375	390
375	525
375	589
375	704
375	764
375	818
375	844
375	865
375	867
375	870
375	878
375	904
375	1017
375	1064
375	1126
375	1187
375	1196
375	1230
375	1441
376	4
376	12
376	17
376	30
376	173
376	229
376	239
376	244
376	264
376	265
376	270
376	321
376	326
376	464
376	470
376	490
376	492
376	512
376	573
376	649
376	663
376	676
376	744
376	823
376	825
376	853
376	858
376	883
376	957
376	995
376	1057
376	1083
376	1099
376	1158
376	1171
376	1176
376	1183
376	1223
376	1238
376	1248
376	1341
376	1363
376	1451
376	1513
376	1516
376	1520
376	1562
376	1589
376	1615
376	1635
376	1645
376	1671
376	1690
376	1737
376	1739
376	1751
376	1769
376	1799
377	354
377	751
377	958
377	1360
377	1483
377	1533
377	1647
379	136
379	358
379	464
379	764
379	800
379	1806
381	67
381	85
381	379
381	391
381	394
381	553
381	684
381	880
381	1601
381	1663
385	894
386	95
387	57
387	1476
387	1744
388	1322
391	4
391	18
391	29
391	80
391	85
391	379
391	394
391	424
391	464
391	541
391	573
391	591
391	643
391	646
391	663
391	697
391	706
391	746
391	883
391	1000
391	1028
391	1099
391	1158
391	1171
391	1178
391	1248
391	1262
391	1275
391	1298
391	1325
391	1338
391	1392
391	1495
391	1516
391	1589
391	1669
391	1670
391	1704
391	1751
391	1780
391	1799
393	1210
393	1297
394	339
394	381
394	391
394	401
394	553
394	725
394	996
395	1032
398	469
398	1076
401	381
401	394
402	171
402	343
402	851
402	1396
402	1467
402	1476
405	1078
408	208
408	1675
410	1032
411	252
411	418
411	915
412	1110
412	1832
413	51
413	196
413	239
413	244
413	321
413	329
413	404
413	406
413	409
413	415
413	445
413	468
413	490
413	547
413	552
413	554
413	573
413	720
413	859
413	883
413	1001
413	1238
413	1295
413	1341
413	1393
413	1521
413	1534
413	1641
413	1671
413	1738
413	1739
413	1832
418	280
418	404
418	541
418	573
418	1008
418	1322
418	1391
422	1127
422	1594
425	208
425	384
425	427
425	433
425	500
425	501
425	808
425	931
425	967
425	1100
425	1416
425	1424
425	1457
425	1745
428	40
428	99
428	314
428	446
428	574
428	805
428	1326
428	1624
429	332
429	1304
431	1076
440	443
440	447
440	922
440	1021
440	1268
440	1675
446	272
446	1394
446	1613
450	40
450	446
450	1042
450	1189
450	1231
450	1383
452	1417
453	374
453	412
453	1373
455	113
455	141
455	208
455	241
455	318
455	430
455	520
455	700
455	723
455	754
455	889
455	903
455	956
455	958
455	1127
455	1198
455	1290
455	1472
455	1479
455	1663
455	1675
455	1691
455	1741
458	138
458	455
458	728
458	812
458	1026
458	1143
458	1212
458	1536
458	1553
458	1631
458	1714
463	98
463	135
463	164
463	265
463	267
463	302
463	323
463	1022
463	1030
463	1093
463	1455
463	1739
463	1787
464	55
464	121
464	284
464	564
464	604
464	872
464	1624
464	1732
469	134
469	839
469	942
469	1394
469	1567
469	1833
472	1399
476	368
476	1147
478	1289
478	1731
479	284
479	668
479	1638
487	1664
488	294
488	513
489	475
490	853
490	882
491	358
492	368
506	4
506	1729
506	1766
507	206
507	610
507	899
507	1420
507	1632
507	1736
511	199
511	223
511	557
511	879
511	956
511	1088
511	1268
511	1428
511	1460
511	1546
511	1654
511	1675
511	1739
518	983
519	1322
520	455
526	14
526	763
526	1505
526	1528
526	1664
526	1757
527	50
527	236
527	248
527	450
527	1281
527	1399
527	1627
527	1664
527	1710
527	1757
528	170
528	1335
530	321
533	93
533	310
533	535
535	418
535	422
535	493
535	583
535	718
535	782
535	807
535	815
535	854
535	1242
535	1394
535	1675
539	91
539	108
539	113
539	154
539	382
539	447
539	879
539	1283
539	1428
539	1741
539	1754
541	134
541	170
541	236
541	248
541	318
541	464
541	590
541	701
541	728
541	733
541	764
541	771
541	956
541	1076
541	1143
541	1212
541	1243
541	1281
541	1553
541	1593
541	1675
544	156
544	1139
545	156
545	248
545	559
545	680
545	925
545	1139
545	1406
545	1758
545	1817
548	94
549	374
549	723
549	1048
549	1294
549	1373
549	1400
550	947
553	358
553	366
553	375
553	525
553	589
553	764
553	880
554	1451
555	90
555	199
555	321
555	389
555	552
555	588
555	602
555	849
555	1133
555	1738
558	233
558	708
558	936
558	955
558	1067
558	1391
559	134
559	142
559	195
559	398
559	431
559	601
559	830
559	915
559	942
559	1226
559	1335
559	1394
559	1818
559	1824
560	1675
562	1131
564	541
564	573
564	663
564	1000
564	1669
567	27
567	58
567	70
567	645
567	1352
567	1505
567	1528
567	1719
567	1779
567	1817
568	457
573	170
573	248
573	313
573	318
573	332
573	368
573	376
573	590
573	598
573	650
573	728
573	771
573	789
573	894
573	1019
573	1032
573	1076
573	1111
573	1128
573	1143
573	1212
573	1281
573	1394
573	1501
573	1523
573	1536
573	1553
573	1682
573	1687
575	789
575	1528
576	699
580	411
581	70
581	645
581	813
581	1528
581	1719
582	598
582	1687
583	757
584	1768
586	454
586	517
588	37
588	51
588	167
588	214
588	223
588	265
588	321
588	436
588	451
588	555
588	593
588	630
588	635
588	642
588	1022
588	1032
588	1093
588	1135
588	1394
588	1516
588	1789
590	1
590	30
590	36
590	165
590	188
590	259
590	271
590	273
590	330
590	346
590	352
590	373
590	398
590	423
590	462
590	464
590	492
590	541
590	559
590	560
590	573
590	649
590	652
590	664
590	685
590	737
590	757
590	830
590	860
590	935
590	974
590	983
590	988
590	1000
590	1008
590	1023
590	1025
590	1111
590	1142
590	1168
590	1226
590	1264
590	1296
590	1323
590	1359
590	1394
590	1419
590	1423
590	1448
590	1449
590	1501
590	1528
590	1543
590	1561
590	1592
590	1644
590	1661
590	1828
595	1448
597	3
597	71
597	156
597	690
597	731
597	814
597	956
597	1290
597	1428
597	1663
597	1675
597	1741
597	1763
597	1774
597	1828
598	64
598	100
598	117
598	118
598	123
598	124
598	130
598	180
598	182
598	202
598	233
598	300
598	359
598	573
598	582
598	647
598	757
598	911
598	1067
598	1296
598	1391
598	1394
598	1485
598	1538
598	1684
598	1688
598	1706
598	1767
605	275
605	320
605	1314
605	1483
607	226
610	224
610	1345
612	1741
614	924
615	31
615	141
615	181
615	767
617	284
617	313
617	428
617	621
617	658
617	668
617	1487
617	1649
618	313
618	428
618	479
618	872
618	959
618	1074
618	1302
618	1333
618	1380
618	1487
618	1616
618	1625
618	1626
618	1742
619	54
619	320
619	624
619	973
619	1170
619	1193
619	1289
619	1314
619	1367
619	1487
619	1544
621	234
621	742
621	973
621	1408
621	1487
621	1611
622	668
622	851
623	1343
624	1193
626	526
626	594
626	598
626	600
626	606
626	629
627	254
631	94
633	304
633	561
633	604
633	789
633	811
633	872
633	975
633	1014
633	1074
633	1124
633	1221
633	1235
633	1293
633	1333
633	1385
633	1449
633	1487
633	1543
633	1561
633	1600
633	1802
641	478
643	43
643	1531
645	68
645	158
645	178
645	189
645	566
645	567
645	581
645	597
645	838
645	868
645	894
645	918
645	957
645	1006
645	1108
645	1370
645	1374
645	1395
645	1452
645	1774
645	1779
646	541
646	1000
646	1008
648	156
648	680
648	690
648	813
648	1758
648	1806
649	1523
649	1675
650	30
650	81
650	125
650	132
650	153
650	203
650	204
650	210
650	259
650	261
650	264
650	273
650	321
650	326
650	330
650	345
650	351
650	398
650	428
650	460
650	464
650	492
650	541
650	560
650	573
650	611
650	646
650	649
650	665
650	691
650	705
650	743
650	746
650	784
650	787
650	823
650	839
650	935
650	964
650	974
650	988
650	1000
650	1008
650	1017
650	1073
650	1220
650	1226
650	1296
650	1300
650	1302
650	1304
650	1366
650	1394
650	1407
650	1449
650	1464
650	1501
650	1508
650	1623
650	1625
650	1629
650	1704
650	1799
652	368
652	1675
653	178
653	201
653	207
653	276
653	366
653	484
653	485
653	704
653	781
653	797
653	838
653	863
653	957
653	1006
653	1096
653	1523
655	9
655	151
655	543
655	700
655	758
655	767
655	1037
655	1143
655	1397
655	1550
655	1832
656	313
659	374
659	703
659	723
659	1048
659	1221
659	1373
659	1400
659	1571
659	1625
659	1652
659	1696
659	1702
661	1654
661	1741
663	400
663	733
663	764
664	496
665	650
666	438
667	409
667	490
667	1725
668	976
668	1467
676	4
676	90
676	176
676	203
676	265
676	505
676	522
676	536
676	564
676	581
676	640
676	690
676	701
676	858
676	913
676	1073
676	1086
676	1158
676	1180
676	1227
676	1388
676	1394
676	1451
676	1478
676	1516
676	1529
676	1531
676	1562
676	1583
676	1593
676	1654
676	1675
676	1696
676	1704
676	1739
676	1794
676	1806
677	525
678	321
678	564
678	1780
680	156
680	318
680	455
680	597
680	813
680	1758
680	1817
681	624
681	1188
682	116
682	144
682	511
682	676
682	688
682	986
682	1128
682	1397
682	1774
684	379
684	1017
685	224
685	726
685	976
685	1222
685	1467
687	1543
688	645
688	682
688	894
688	1128
688	1415
688	1774
688	1779
690	1076
690	1428
692	840
692	875
692	1553
693	588
700	14
700	31
700	36
700	120
700	146
700	151
700	156
700	191
700	226
700	303
700	318
700	518
700	583
700	655
700	716
700	767
700	783
700	956
700	1037
700	1143
700	1400
700	1655
700	1663
700	1700
700	1790
700	1822
700	1832
701	564
701	1593
704	70
704	375
704	653
704	1625
711	789
723	31
723	199
723	273
723	296
723	455
723	716
723	719
723	757
723	810
723	815
723	846
723	1203
723	1212
723	1243
723	1394
723	1619
723	1652
725	391
725	747
726	119
726	142
726	156
726	162
726	265
726	273
726	323
726	328
726	345
726	453
726	462
726	730
726	802
726	811
726	872
726	1105
726	1139
726	1221
726	1227
726	1235
726	1243
726	1322
726	1439
726	1448
726	1478
726	1543
726	1603
726	1618
726	1652
726	1661
726	1741
727	564
728	1
728	107
728	112
728	138
728	190
728	230
728	273
728	280
728	373
728	493
728	541
728	573
728	652
728	683
728	757
728	762
728	794
728	830
728	841
728	889
728	926
728	935
728	945
728	1008
728	1044
728	1114
728	1237
728	1272
728	1296
728	1323
728	1386
728	1391
728	1394
728	1448
728	1472
728	1591
728	1631
728	1658
728	1661
728	1679
728	1819
728	1828
730	1262
731	1168
733	185
733	321
733	490
733	541
733	663
733	678
733	795
733	816
733	871
733	905
733	934
733	991
733	1134
733	1144
733	1239
733	1257
733	1282
733	1305
733	1321
733	1384
733	1418
733	1421
733	1437
733	1442
733	1586
733	1609
733	1690
733	1740
733	1770
733	1780
733	1799
733	1803
739	703
739	1373
740	273
740	321
740	446
740	1741
740	1822
742	1469
743	1623
744	144
744	321
744	413
744	690
744	1128
744	1501
744	1568
744	1785
746	81
746	495
746	590
746	690
746	743
746	988
746	1073
746	1501
746	1593
746	1623
749	1511
752	31
752	133
752	293
752	615
752	655
752	723
752	735
752	852
752	1143
752	1186
752	1224
752	1487
752	1596
753	184
753	197
753	446
753	850
753	1056
753	1123
753	1322
753	1427
753	1447
753	1476
753	1761
757	418
757	608
760	768
760	801
760	1038
762	458
762	1675
763	14
764	29
764	136
764	216
764	231
764	271
764	351
764	366
764	464
764	541
764	573
764	620
764	639
764	643
764	663
764	665
764	672
764	697
764	705
764	743
764	803
764	867
764	934
764	1000
764	1140
764	1144
764	1226
764	1498
764	1508
764	1653
764	1701
764	1704
764	1721
764	1780
764	1799
764	1808
764	1811
764	1829
766	5
766	38
766	41
766	1107
767	14
767	293
767	318
767	700
767	723
767	763
767	796
767	889
767	1212
767	1359
767	1790
771	21
771	24
771	41
771	126
771	217
771	268
771	331
771	345
771	432
771	464
771	541
771	560
771	573
771	585
771	638
771	662
771	691
771	694
771	702
771	737
771	743
771	827
771	866
771	935
771	949
771	974
771	988
771	1049
771	1058
771	1111
771	1162
771	1226
771	1278
771	1296
771	1335
771	1605
771	1607
771	1617
771	1621
771	1629
772	807
772	1391
773	10
773	226
773	782
773	1487
773	1553
773	1662
773	1819
773	1821
774	952
775	138
775	178
775	207
775	212
775	243
775	526
775	559
775	728
775	736
775	812
775	824
775	1026
775	1108
775	1350
775	1359
775	1381
775	1410
775	1631
775	1819
776	989
776	992
780	748
782	138
782	151
782	152
782	535
782	840
782	842
782	875
782	1037
782	1553
782	1566
785	376
785	1128
786	128
786	1400
789	1
789	4
789	30
789	134
789	144
789	149
789	156
789	183
789	187
789	219
789	245
789	248
789	265
789	271
789	273
789	280
789	294
789	295
789	318
789	323
789	330
789	338
789	346
789	373
789	398
789	404
789	464
789	492
789	495
789	541
789	560
789	570
789	573
789	649
789	652
789	688
789	690
789	719
789	726
789	792
789	835
789	842
789	846
789	866
789	883
789	920
789	961
789	974
789	983
789	988
789	998
789	1000
789	1008
789	1036
789	1037
789	1041
789	1076
789	1111
789	1118
789	1124
789	1139
789	1207
789	1221
789	1223
789	1241
789	1243
789	1264
789	1311
789	1365
789	1390
789	1394
789	1397
789	1400
789	1402
789	1439
789	1448
789	1457
789	1567
789	1577
789	1579
789	1749
789	1766
790	718
790	799
790	1098
791	31
791	946
793	321
802	1373
804	26
804	1016
804	1808
805	446
805	574
805	1050
811	1373
812	114
812	138
812	236
812	241
812	318
812	422
812	496
812	583
812	592
812	716
812	728
812	841
812	945
812	1290
812	1308
812	1472
812	1636
812	1661
812	1663
812	1675
812	1691
812	1741
813	70
813	132
813	139
813	155
813	284
813	464
813	550
813	599
813	625
813	690
813	701
813	744
813	819
813	880
813	901
813	1013
813	1017
813	1027
813	1076
813	1080
813	1290
813	1593
813	1625
813	1663
813	1670
813	1675
813	1691
813	1741
813	1806
813	1833
814	269
814	273
814	279
814	305
814	347
814	350
814	372
814	412
814	504
814	597
814	659
814	846
814	894
814	920
814	1022
814	1069
814	1194
814	1229
814	1311
814	1352
814	1392
814	1394
814	1413
814	1414
814	1444
814	1557
814	1620
814	1652
814	1739
814	1820
817	812
818	375
818	379
818	525
819	1607
823	326
823	573
823	701
823	1304
823	1464
824	138
824	775
829	744
832	289
832	573
832	1007
832	1008
832	1394
832	1748
838	14
838	31
838	70
838	284
838	597
838	645
838	653
838	763
838	1719
838	1779
839	650
840	120
840	138
840	728
840	775
840	824
840	841
840	1026
840	1359
840	1631
840	1699
840	1819
841	61
841	226
841	242
841	247
841	304
841	350
841	583
841	659
841	686
841	728
841	757
841	812
841	952
841	1008
841	1139
841	1265
841	1287
841	1331
841	1364
841	1373
841	1394
841	1422
841	1448
841	1463
841	1530
841	1631
841	1766
842	134
842	142
842	156
842	162
842	236
842	318
842	328
842	496
842	515
842	782
842	993
842	1020
842	1139
842	1260
842	1297
842	1347
842	1394
842	1409
842	1410
842	1553
842	1672
842	1734
842	1818
845	715
845	798
848	160
848	757
848	1177
848	1514
850	350
850	418
850	757
850	1177
851	478
851	610
861	31
861	226
861	814
861	848
861	1008
861	1352
866	170
868	1505
868	1779
871	97
871	498
871	628
871	634
871	733
871	1065
871	1099
871	1213
871	1238
871	1711
871	1770
871	1780
872	228
872	284
872	726
872	1476
875	138
875	775
875	782
875	1318
875	1328
875	1553
876	1757
880	70
880	132
880	294
880	313
880	375
880	987
883	12
883	744
883	1275
883	1535
883	1704
884	1683
886	1143
887	86
887	181
887	224
887	311
887	343
887	851
887	946
887	976
887	1136
887	1222
887	1345
887	1368
890	757
890	799
890	1022
890	1453
892	422
892	767
892	807
892	903
892	1675
892	1691
894	104
894	189
894	210
894	264
894	269
894	273
894	321
894	385
894	397
894	398
894	405
894	462
894	492
894	541
894	570
894	573
894	649
894	731
894	822
894	823
894	895
894	914
894	935
894	943
894	957
894	964
894	966
894	974
894	1000
894	1006
894	1008
894	1060
894	1073
894	1078
894	1088
894	1176
894	1226
894	1296
894	1300
894	1403
894	1423
894	1466
894	1473
894	1591
894	1623
894	1644
894	1774
895	894
895	1128
895	1143
895	1212
897	199
897	223
897	267
897	404
897	426
897	434
897	481
897	501
897	573
897	895
897	927
897	937
897	958
897	1088
897	1194
897	1223
897	1729
897	1746
897	1797
898	139
898	407
898	510
898	701
898	744
898	893
898	1080
898	1593
898	1808
899	1222
908	734
908	847
908	893
908	1581
908	1654
909	1128
912	929
915	264
915	573
915	1000
915	1035
915	1322
915	1691
916	397
916	426
916	438
916	698
916	927
916	937
916	1070
916	1296
916	1585
921	1243
922	199
922	389
925	21
925	139
925	248
925	331
925	464
925	477
925	540
925	632
925	638
925	819
925	902
925	1027
925	1605
925	1663
925	1712
925	1741
925	1833
928	583
932	1483
933	1124
935	740
935	894
935	1535
938	150
938	458
938	581
938	812
938	1005
938	1488
938	1635
940	494
940	1067
940	1518
942	728
942	1359
943	974
943	1060
944	1467
944	1475
946	887
948	272
948	446
948	1565
952	181
952	311
952	774
952	782
952	840
952	946
952	1170
952	1301
952	1367
952	1772
954	1242
956	318
956	1198
957	134
957	269
957	368
957	398
957	740
957	915
957	942
957	1073
957	1296
957	1394
961	144
961	294
961	295
961	789
961	842
961	983
961	1037
961	1124
961	1262
961	1397
962	142
962	1394
963	56
963	968
964	1212
965	1531
968	1236
969	936
969	1391
973	668
973	851
973	1408
973	1487
973	1524
974	313
974	368
974	590
974	789
975	292
975	633
975	841
975	1328
975	1355
975	1400
978	294
978	414
978	488
978	513
980	418
983	50
983	120
983	144
983	156
983	159
983	219
983	226
983	248
983	294
983	295
983	303
983	318
983	333
983	402
983	518
983	575
983	684
983	690
983	716
983	726
983	745
983	789
983	842
983	875
983	961
983	1037
983	1124
983	1139
983	1262
983	1390
983	1400
983	1438
983	1528
983	1663
983	1790
983	1822
984	414
985	653
985	1788
988	1833
994	139
994	680
994	813
994	925
994	1758
995	376
999	49
999	224
999	887
999	1222
1000	95
1000	313
1000	368
1000	590
1000	650
1000	789
1000	1032
1005	248
1005	559
1005	590
1005	771
1005	789
1005	925
1005	983
1005	1817
1006	8
1006	33
1006	74
1006	290
1006	299
1006	740
1006	942
1006	1088
1006	1394
1006	1460
1007	1281
1008	134
1008	236
1008	318
1008	496
1008	650
1008	728
1008	757
1008	1394
1008	1553
1008	1675
1009	292
1009	1151
1017	134
1017	166
1017	195
1017	564
1017	915
1017	1035
1017	1394
1019	318
1019	418
1019	1394
1023	1281
1023	1627
1026	11
1026	90
1026	186
1026	418
1026	942
1026	1033
1026	1084
1026	1375
1026	1394
1026	1411
1026	1705
1027	139
1027	143
1027	813
1027	925
1027	1593
1028	4
1032	12
1032	227
1032	264
1032	321
1032	357
1032	362
1032	363
1032	371
1032	380
1032	386
1032	392
1032	395
1032	410
1032	435
1032	468
1032	541
1032	573
1032	649
1032	756
1032	885
1032	895
1032	935
1032	1000
1032	1078
1032	1296
1032	1363
1032	1379
1032	1394
1032	1484
1032	1725
1032	1789
1032	1801
1032	1804
1032	1805
1035	70
1035	132
1035	265
1035	313
1035	366
1035	428
1035	650
1035	880
1035	957
1035	1017
1035	1451
1035	1577
1035	1625
1035	1719
1037	11
1037	71
1037	134
1037	142
1037	151
1037	156
1037	265
1037	269
1037	318
1037	338
1037	418
1037	496
1037	652
1037	655
1037	690
1037	718
1037	828
1037	842
1037	961
1037	1191
1037	1223
1037	1279
1037	1311
1037	1394
1037	1457
1037	1675
1037	1691
1037	1696
1037	1718
1037	1734
1037	1766
1044	1386
1046	186
1046	316
1046	1460
1047	1079
1049	771
1052	372
1052	659
1052	1352
1052	1361
1054	374
1059	139
1060	894
1061	1218
1062	565
1063	222
1063	850
1063	1322
1063	1427
1063	1761
1063	1823
1068	757
1073	144
1073	701
1073	1623
1074	372
1074	668
1074	1408
1074	1623
1074	1638
1075	1212
1076	1
1076	134
1076	269
1076	273
1076	318
1076	368
1076	690
1076	1037
1076	1128
1076	1394
1076	1397
1077	224
1077	478
1077	1091
1078	541
1078	573
1078	900
1078	1008
1080	1593
1086	1451
1087	311
1087	1310
1087	1367
1087	1474
1087	1476
1087	1537
1088	511
1088	1268
1092	105
1092	239
1092	244
1092	299
1092	512
1092	701
1092	1238
1092	1516
1092	1735
1092	1762
1092	1785
1095	1003
1095	1192
1096	144
1096	159
1096	284
1096	376
1096	511
1096	570
1096	676
1096	684
1096	688
1096	880
1096	1183
1096	1342
1096	1352
1096	1390
1096	1503
1096	1583
1096	1593
1096	1597
1096	1635
1096	1663
1096	1775
1096	1806
1099	1451
1100	1550
1104	1394
1107	41
1107	195
1107	345
1107	464
1107	872
1107	1015
1107	1290
1107	1349
1107	1567
1107	1605
1107	1773
1107	1778
1110	455
1110	1143
1110	1212
1111	142
1111	368
1113	1158
1113	1338
1115	14
1124	120
1124	223
1124	328
1124	559
1124	575
1124	590
1124	690
1124	983
1124	1221
1124	1359
1124	1381
1124	1497
1124	1505
1124	1528
1124	1543
1124	1661
1126	27
1126	771
1126	1281
1126	1664
1127	422
1128	1
1128	2
1128	12
1128	62
1128	104
1128	116
1128	144
1128	156
1128	189
1128	199
1128	223
1128	229
1128	264
1128	265
1128	269
1128	273
1128	279
1128	280
1128	318
1128	321
1128	323
1128	372
1128	385
1128	398
1128	404
1128	405
1128	492
1128	511
1128	541
1128	570
1128	573
1128	649
1128	676
1128	682
1128	688
1128	690
1128	744
1128	746
1128	761
1128	814
1128	822
1128	831
1128	858
1128	883
1128	895
1128	909
1128	914
1128	917
1128	943
1128	958
1128	966
1128	974
1128	1000
1128	1008
1128	1037
1128	1060
1128	1073
1128	1076
1128	1078
1128	1088
1128	1176
1128	1194
1128	1223
1128	1227
1128	1243
1128	1311
1128	1352
1128	1361
1128	1363
1128	1390
1128	1397
1128	1403
1128	1448
1128	1477
1128	1496
1128	1534
1128	1539
1128	1569
1128	1575
1128	1623
1128	1729
1128	1774
1129	1625
1132	565
1132	1097
1132	1102
1132	1511
1132	1815
1137	276
1137	1806
1138	653
1139	142
1139	236
1139	248
1139	1448
1141	1148
1141	1149
1141	1165
1142	1386
1143	9
1143	30
1143	31
1143	59
1143	62
1143	102
1143	151
1143	156
1143	205
1143	218
1143	273
1143	280
1143	293
1143	318
1143	323
1143	325
1143	338
1143	404
1143	481
1143	501
1143	541
1143	570
1143	573
1143	652
1143	655
1143	688
1143	700
1143	723
1143	757
1143	767
1143	809
1143	877
1143	883
1143	886
1143	895
1143	942
1143	958
1143	960
1143	967
1143	974
1143	982
1143	1008
1143	1022
1143	1037
1143	1075
1143	1100
1143	1154
1143	1194
1143	1200
1143	1223
1143	1242
1143	1243
1143	1251
1143	1394
1143	1397
1143	1404
1143	1416
1143	1457
1143	1550
1143	1657
1143	1715
1143	1746
1143	1766
1143	1832
1144	1523
1145	44
1145	1012
1145	1149
1145	1173
1145	1204
1146	85
1146	132
1146	144
1146	294
1146	295
1146	313
1146	499
1146	676
1146	1035
1149	1141
1149	1148
1149	1155
1152	1159
1152	1177
1152	1309
1155	20
1155	1145
1155	1149
1155	1173
1155	1190
1156	875
1156	1337
1161	1137
1163	221
1166	1373
1172	707
1174	393
1174	716
1174	1159
1174	1177
1176	1523
1177	583
1177	598
1177	757
1177	1174
1177	1265
1177	1394
1177	1559
1177	1685
1183	73
1183	144
1183	376
1183	511
1183	676
1183	985
1183	1096
1183	1503
1183	1597
1183	1755
1183	1756
1184	69
1184	1107
1184	1303
1185	1009
1185	1151
1185	1153
1185	1157
1185	1169
1188	596
1188	864
1188	1336
1193	669
1193	864
1193	1277
1193	1353
1193	1467
1193	1632
1193	1648
1195	92
1195	729
1195	1179
1195	1182
1195	1193
1195	1217
1195	1683
1209	657
1209	718
1209	799
1209	1022
1209	1694
1212	30
1212	190
1212	200
1212	230
1212	238
1212	273
1212	280
1212	293
1212	325
1212	541
1212	573
1212	652
1212	700
1212	731
1212	757
1212	861
1212	886
1212	889
1212	895
1212	935
1212	964
1212	972
1212	974
1212	982
1212	1008
1212	1066
1212	1075
1212	1100
1212	1154
1212	1168
1212	1250
1212	1252
1212	1296
1212	1323
1212	1359
1212	1386
1212	1394
1212	1434
1212	1472
1212	1493
1212	1657
1212	1827
1212	1828
1214	1774
1215	1386
1219	1285
1221	2
1221	149
1221	156
1221	251
1221	338
1221	464
1221	590
1221	659
1221	673
1221	710
1221	718
1221	726
1221	730
1221	920
1221	1118
1221	1158
1221	1322
1221	1373
1221	1394
1221	1448
1221	1461
1221	1622
1221	1652
1221	1817
1222	343
1222	851
1222	887
1222	907
1222	1136
1222	1630
1223	789
1225	840
1225	1035
1226	195
1226	650
1227	1593
1230	650
1230	1719
1232	1812
1239	733
1243	318
1243	659
1243	1076
1244	225
1245	95
1245	199
1245	389
1245	554
1245	897
1245	1238
1245	1738
1253	1476
1253	1627
1254	23
1254	368
1260	1828
1262	545
1262	590
1262	609
1262	789
1262	961
1262	983
1262	1506
1262	1528
1262	1561
1273	54
1273	1314
1281	213
1281	274
1281	289
1281	402
1281	403
1281	462
1281	503
1281	541
1281	569
1281	573
1281	675
1281	689
1281	830
1281	935
1281	953
1281	962
1281	974
1281	990
1281	1007
1281	1008
1281	1023
1281	1051
1281	1247
1281	1249
1281	1254
1281	1260
1281	1263
1281	1296
1281	1307
1281	1347
1281	1387
1281	1394
1281	1398
1281	1399
1281	1448
1281	1500
1281	1527
1281	1631
1281	1828
1284	607
1289	1104
1291	224
1291	887
1291	1222
1292	14
1293	946
1293	1193
1296	142
1296	493
1296	652
1296	728
1296	1212
1298	541
1298	663
1299	1343
1300	1523
1303	122
1303	1107
1303	1467
1305	733
1305	1545
1314	387
1314	624
1314	872
1314	1289
1314	1487
1316	1580
1317	1823
1322	74
1322	418
1322	464
1322	915
1322	1221
1322	1373
1322	1625
1322	1652
1323	318
1323	422
1323	889
1323	1553
1323	1828
1328	266
1328	278
1328	304
1328	579
1328	840
1328	841
1328	975
1328	1037
1328	1487
1328	1493
1328	1553
1328	1708
1328	1709
1328	1802
1328	1819
1333	53
1333	250
1333	322
1333	618
1333	633
1333	1221
1333	1390
1333	1400
1333	1595
1334	198
1334	1351
1334	1369
1335	345
1335	464
1335	988
1339	152
1339	295
1339	365
1339	527
1339	572
1339	842
1339	1037
1339	1319
1339	1371
1339	1399
1339	1536
1339	1573
1339	1579
1340	411
1343	1327
1344	228
1346	1576
1350	14
1350	728
1350	775
1350	812
1350	857
1352	4
1352	48
1352	74
1352	156
1352	189
1352	273
1352	305
1352	321
1352	453
1352	554
1352	597
1352	740
1352	814
1352	943
1352	1322
1352	1462
1352	1583
1352	1618
1352	1652
1352	1696
1352	1741
1352	1766
1353	99
1353	142
1353	714
1353	837
1353	1193
1353	1317
1354	600
1355	140
1355	213
1355	228
1355	278
1355	304
1355	387
1355	450
1355	462
1355	502
1355	872
1355	975
1355	1051
1355	1526
1355	1536
1355	1614
1355	1627
1355	1640
1355	1802
1356	422
1357	1354
1357	1356
1357	1369
1357	1736
1358	571
1358	1391
1359	11
1359	134
1359	142
1359	156
1359	418
1359	935
1359	942
1359	1394
1359	1460
1359	1696
1359	1828
1360	377
1360	378
1360	1352
1360	1482
1361	224
1361	343
1361	869
1361	1136
1361	1222
1361	1352
1362	1394
1363	281
1363	355
1367	695
1368	887
1368	1511
1369	1822
1375	273
1377	1211
1381	70
1381	219
1381	375
1381	590
1381	726
1381	728
1381	775
1381	841
1381	1221
1381	1528
1381	1817
1382	31
1382	615
1382	1400
1385	1355
1387	188
1388	1593
1389	619
1389	685
1389	726
1389	789
1389	961
1389	1487
1389	1543
1389	1651
1390	1352
1391	598
1391	728
1391	807
1391	1682
1394	30
1394	78
1394	142
1394	145
1394	155
1394	188
1394	195
1394	273
1394	318
1394	321
1394	373
1394	393
1394	418
1394	446
1394	464
1394	541
1394	556
1394	564
1394	573
1394	598
1394	649
1394	650
1394	740
1394	757
1394	889
1394	915
1394	958
1394	967
1394	988
1394	1008
1394	1019
1394	1041
1394	1076
1394	1127
1394	1175
1394	1227
1394	1243
1394	1297
1394	1323
1394	1387
1394	1416
1394	1448
1394	1460
1394	1552
1394	1574
1394	1613
1394	1620
1394	1623
1394	1789
1394	1818
1394	1828
1397	71
1397	134
1397	144
1397	156
1397	229
1397	265
1397	269
1397	290
1397	318
1397	418
1397	682
1397	690
1397	740
1397	915
1397	956
1397	958
1397	1022
1397	1194
1397	1311
1397	1457
1397	1766
1399	50
1399	120
1399	128
1399	148
1399	152
1399	171
1399	236
1399	248
1399	295
1399	365
1399	473
1399	518
1399	527
1399	789
1399	842
1399	875
1399	1039
1399	1139
1399	1202
1399	1329
1399	1339
1399	1400
1399	1476
1399	1536
1399	1579
1399	1663
1399	1664
1399	1717
1399	1822
1399	1828
1400	31
1400	226
1400	284
1400	726
1400	1246
1400	1822
1403	11
1403	943
1404	493
1408	257
1408	452
1408	1417
1408	1483
1408	1547
1410	14
1410	27
1410	58
1410	226
1410	455
1410	775
1410	812
1410	824
1410	1505
1410	1528
1410	1664
1410	1714
1410	1757
1415	156
1415	597
1415	680
1417	94
1417	521
1417	1632
1428	474
1428	1724
1429	807
1433	1394
1435	1168
1443	265
1443	424
1443	1099
1443	1439
1443	1577
1447	155
1447	186
1447	248
1447	1394
1448	142
1448	219
1449	604
1449	1011
1450	267
1450	967
1450	1470
1451	223
1451	258
1451	1099
1451	1478
1452	14
1452	645
1452	653
1452	775
1452	894
1453	465
1453	467
1453	806
1453	890
1453	1022
1453	1084
1453	1209
1453	1687
1456	511
1458	391
1458	424
1458	855
1458	1178
1458	1325
1458	1516
1458	1612
1460	573
1462	1428
1464	313
1464	650
1466	604
1466	1011
1467	61
1467	402
1467	483
1467	668
1467	685
1467	851
1467	976
1467	1193
1467	1289
1467	1576
1467	1632
1467	1683
1467	1821
1468	224
1468	887
1468	1222
1468	1515
1470	481
1471	1222
1472	926
1475	973
1475	1314
1476	149
1476	350
1476	450
1476	709
1476	741
1476	872
1476	1105
1476	1139
1476	1297
1476	1311
1476	1322
1476	1410
1476	1448
1476	1603
1476	1627
1476	1640
1476	1646
1476	1680
1476	1714
1476	1741
1476	1759
1478	1443
1478	1759
1482	189
1482	372
1482	377
1482	1074
1482	1128
1482	1352
1482	1360
1482	1436
1483	224
1483	272
1483	751
1483	932
1483	1193
1483	1289
1483	1360
1483	1361
1483	1576
1487	10
1487	31
1487	163
1487	226
1487	293
1487	617
1487	619
1487	621
1487	726
1487	752
1487	773
1487	1389
1487	1543
1487	1596
1487	1819
1490	144
1490	313
1490	590
1490	597
1490	650
1490	690
1490	813
1490	894
1490	957
1490	1006
1490	1128
1491	645
1494	1492
1494	1639
1499	583
1499	606
1499	716
1499	812
1499	1026
1499	1532
1501	313
1501	368
1501	411
1501	495
1501	740
1503	2
1503	201
1503	244
1503	258
1503	653
1503	1523
1505	1528
1506	318
1506	455
1506	680
1506	1139
1506	1359
1506	1817
1509	290
1509	740
1509	958
1509	1078
1509	1762
1512	1262
1512	1696
1514	1706
1517	175
1523	12
1523	17
1523	30
1523	258
1523	270
1523	288
1523	321
1523	326
1523	464
1523	470
1523	490
1523	492
1523	541
1523	573
1523	643
1523	649
1523	663
1523	674
1523	738
1523	823
1523	934
1523	935
1523	948
1523	964
1523	995
1523	1000
1523	1024
1523	1096
1523	1144
1523	1176
1523	1257
1523	1266
1523	1296
1523	1300
1523	1302
1523	1363
1523	1484
1523	1502
1523	1562
1523	1589
1523	1591
1523	1623
1523	1637
1523	1698
1523	1725
1523	1737
1523	1769
1523	1799
1523	1808
1525	53
1528	178
1528	207
1528	471
1528	526
1528	559
1528	567
1528	581
1528	590
1528	704
1528	838
1528	868
1528	957
1528	983
1528	1108
1528	1139
1528	1230
1528	1315
1528	1359
1528	1381
1528	1410
1528	1504
1528	1505
1528	1543
1528	1631
1528	1813
1528	1817
1536	128
1536	149
1536	152
1536	219
1536	236
1536	248
1536	274
1536	295
1536	328
1536	365
1536	402
1536	527
1536	541
1536	573
1536	721
1536	722
1536	724
1536	779
1536	792
1536	842
1536	896
1536	970
1536	974
1536	1007
1536	1008
1536	1037
1536	1139
1536	1249
1536	1254
1536	1258
1536	1260
1536	1262
1536	1263
1536	1297
1536	1307
1536	1339
1536	1371
1536	1394
1536	1398
1536	1399
1536	1400
1536	1404
1536	1448
1536	1476
1536	1500
1536	1579
1536	1627
1536	1728
1536	1828
1538	598
1538	1682
1539	1401
1543	119
1543	189
1543	788
1543	1042
1543	1189
1543	1197
1543	1231
1543	1235
1543	1819
1545	244
1545	321
1545	334
1545	342
1545	400
1545	490
1545	512
1545	541
1545	620
1545	663
1545	678
1545	816
1545	823
1545	874
1545	883
1545	1002
1545	1010
1545	1109
1545	1130
1545	1158
1545	1167
1545	1171
1545	1181
1545	1228
1545	1239
1545	1305
1545	1338
1545	1430
1545	1437
1545	1510
1545	1516
1545	1551
1545	1560
1545	1586
1545	1609
1545	1669
1545	1670
1545	1690
1545	1751
1545	1770
1545	1780
1545	1799
1545	1803
1547	374
1547	684
1547	1048
1547	1373
1547	1702
1550	416
1550	461
1550	481
1550	941
1550	956
1550	1022
1550	1023
1550	1194
1550	1454
1550	1457
1550	1460
1550	1604
1550	1628
1550	1675
1550	1691
1553	1
1553	59
1553	111
1553	138
1553	151
1553	152
1553	205
1553	226
1553	236
1553	241
1553	280
1553	318
1553	323
1553	328
1553	338
1553	356
1553	393
1553	418
1553	422
1553	476
1553	493
1553	535
1553	541
1553	573
1553	583
1553	607
1553	651
1553	652
1553	664
1553	718
1553	719
1553	741
1553	757
1553	762
1553	769
1553	782
1553	792
1553	826
1553	828
1553	840
1553	841
1553	842
1553	846
1553	862
1553	875
1553	886
1553	889
1553	952
1553	974
1553	981
1553	993
1553	1008
1553	1037
1553	1076
1553	1139
1553	1223
1553	1242
1553	1243
1553	1260
1553	1297
1553	1307
1553	1311
1553	1312
1553	1323
1553	1378
1553	1391
1553	1394
1553	1398
1553	1400
1553	1402
1553	1404
1553	1448
1553	1572
1553	1622
1553	1658
1553	1734
1553	1793
1553	1821
1553	1828
1554	744
1559	128
1559	215
1559	292
1559	350
1559	374
1559	418
1559	442
1559	508
1559	841
1559	1343
1559	1373
1559	1394
1559	1696
1561	1400
1562	321
1562	564
1562	744
1562	1523
1562	1671
1562	1799
1563	72
1563	170
1563	1124
1564	564
1564	701
1568	229
1568	239
1568	265
1568	299
1568	534
1568	552
1568	554
1568	883
1568	1053
1568	1086
1568	1238
1568	1394
1568	1413
1568	1428
1568	1451
1568	1739
1568	1754
1568	1762
1568	1785
1576	1823
1577	149
1579	1339
1579	1399
1579	1536
1579	1664
1579	1757
1580	324
1580	742
1580	973
1580	1469
1582	527
1582	1536
1582	1579
1584	1580
1587	92
1587	1195
1588	54
1588	1314
1589	376
1593	83
1593	1076
1593	1081
1594	1682
1595	147
1595	151
1595	293
1595	723
1595	767
1595	791
1595	860
1595	1143
1595	1216
1595	1333
1595	1382
1595	1487
1595	1493
1595	1802
1595	1816
1596	54
1596	181
1596	320
1596	1188
1596	1206
1596	1314
1596	1487
1598	2
1598	244
1598	552
1598	821
1598	1028
1602	872
1602	1193
1602	1286
1605	2
1605	47
1605	55
1605	109
1605	194
1605	464
1605	659
1605	771
1605	792
1605	925
1605	1107
1605	1119
1605	1335
1605	1612
1605	1652
1605	1778
1606	311
1607	195
1609	1545
1610	323
1610	741
1610	792
1610	1311
1610	1424
1613	396
1613	1648
1621	771
1621	925
1623	743
1625	25
1625	184
1625	229
1625	284
1625	307
1625	336
1625	338
1625	464
1625	650
1625	659
1625	755
1625	813
1625	1271
1625	1280
1625	1311
1625	1394
1625	1547
1625	1623
1625	1652
1625	1759
1625	1782
1626	617
1626	621
1627	61
1627	149
1627	350
1627	709
1627	739
1627	950
1627	951
1627	1087
1627	1139
1627	1205
1627	1281
1627	1372
1627	1394
1627	1448
1627	1476
1627	1556
1627	1714
1627	1828
1631	134
1631	142
1631	418
1631	516
1631	587
1631	881
1631	1210
1631	1260
1631	1296
1631	1394
1631	1476
1631	1696
1631	1818
1635	2
1635	13
1635	244
1635	258
1635	321
1635	552
1635	616
1635	849
1635	948
1635	1028
1635	1160
1635	1302
1635	1583
1635	1738
1635	1741
1635	1806
1636	318
1636	583
1636	812
1636	1714
1638	234
1638	946
1638	1035
1638	1367
1638	1425
1638	1486
1638	1611
1639	770
1639	1647
1643	28
1643	323
1643	328
1643	789
1643	1478
1646	1664
1647	1417
1648	344
1648	624
1648	1602
1650	136
1650	358
1650	1333
1650	1494
1650	1697
1650	1742
1650	1752
1650	1771
1650	1814
1652	134
1652	197
1652	631
1654	744
1654	1428
1656	157
1656	253
1656	1330
1657	1212
1659	6
1659	419
1659	637
1659	679
1659	891
1659	1391
1659	1660
1661	1150
1661	1168
1663	134
1663	139
1663	143
1663	156
1663	248
1663	455
1663	583
1663	597
1663	812
1663	813
1663	925
1663	1103
1663	1593
1663	1714
1663	1806
1663	1817
1664	127
1664	235
1664	240
1664	262
1664	309
1664	526
1664	559
1664	567
1664	1108
1664	1126
1664	1281
1664	1381
1664	1399
1664	1410
1664	1504
1664	1631
1664	1633
1664	1634
1664	1642
1664	1646
1664	1689
1664	1710
1664	1714
1664	1720
1664	1743
1664	1757
1666	399
1667	887
1667	919
1667	976
1667	1222
1667	1467
1667	1635
1668	1665
1668	1716
1673	1345
1675	223
1675	418
1675	422
1675	915
1675	1022
1675	1076
1675	1110
1675	1212
1675	1243
1675	1501
1675	1553
1682	117
1682	129
1682	130
1682	137
1682	169
1682	202
1682	393
1682	524
1682	573
1682	582
1682	598
1682	741
1682	757
1682	799
1682	1391
1682	1394
1682	1404
1682	1538
1682	1684
1682	1688
1683	1189
1686	1467
1687	30
1687	200
1687	280
1687	546
1687	573
1687	582
1687	757
1687	889
1687	1023
1687	1084
1687	1296
1687	1320
1687	1412
1687	1432
1687	1440
1687	1446
1687	1489
1687	1693
1687	1830
1689	1664
1691	318
1691	455
1694	30
1694	59
1694	202
1694	280
1694	301
1694	317
1694	493
1694	501
1694	514
1694	573
1694	582
1694	718
1694	757
1694	799
1694	806
1694	809
1694	854
1694	910
1694	923
1694	1004
1694	1022
1694	1084
1694	1223
1694	1242
1694	1404
1694	1424
1694	1440
1694	1453
1694	1465
1694	1548
1694	1599
1694	1692
1694	1693
1694	1713
1694	1734
1696	259
1696	269
1696	357
1696	418
1696	915
1696	957
1696	1037
1696	1394
1696	1460
1696	1593
1696	1808
1697	379
1697	820
1697	888
1706	420
1706	459
1706	608
1706	1394
1706	1481
1706	1514
1707	313
1707	764
1707	957
1712	236
1714	155
1714	213
1714	236
1714	248
1714	592
1714	819
1714	1139
1714	1256
1714	1259
1714	1269
1714	1276
1714	1399
1714	1627
1714	1636
1714	1663
1714	1674
1714	1741
1719	70
1722	1324
1723	16
1723	29
1724	269
1724	405
1724	1128
1726	565
1726	1460
1727	1394
1730	286
1730	554
1730	1171
1730	1516
1733	239
1733	244
1740	564
1740	678
1741	318
1741	812
1741	956
1741	1076
1744	57
1744	133
1744	387
1744	402
1744	450
1744	1087
1744	1339
1744	1476
1744	1536
1744	1627
1747	379
1755	456
1755	1428
1755	1760
1755	1775
1756	1096
1757	1664
1758	83
1758	464
1762	321
1764	1026
1765	1404
1769	376
1774	3
1774	36
1774	116
1774	120
1774	144
1774	189
1774	303
1774	318
1774	511
1774	676
1774	682
1774	688
1774	690
1774	712
1774	875
1774	880
1774	915
1774	956
1774	1037
1774	1128
1774	1352
1774	1390
1774	1397
1774	1400
1774	1428
1774	1491
1774	1542
1774	1583
1774	1623
1774	1663
1774	1695
1774	1760
1774	1822
1776	600
1776	626
1777	1784
1778	15
1778	1233
1778	1394
1778	1825
1781	565
1783	103
1783	422
1783	807
1783	1594
1783	1741
1784	276
1784	1428
1784	1806
1785	744
1785	1593
1786	564
1786	1080
1790	14
1790	138
1790	151
1790	775
1790	1037
1790	1143
1790	1553
1791	139
1791	195
1791	550
1791	1112
1792	1523
1796	60
1796	372
1796	615
1798	54
1799	764
1799	1523
1802	344
1802	615
1802	952
1802	976
1802	1293
1802	1343
1802	1821
1802	1828
1804	1032
1805	95
1806	1013
1806	1593
1807	241
1807	1394
1808	97
1808	258
1808	284
1808	379
1808	541
1808	663
1808	871
1808	1352
1808	1635
1808	1799
1809	1333
1809	1400
1812	1222
1817	155
1817	156
1817	219
1817	236
1817	248
1817	318
1817	462
1817	496
1817	559
1817	570
1817	590
1817	625
1817	690
1817	701
1817	819
1817	873
1817	983
1817	1040
1817	1041
1817	1076
1817	1139
1817	1221
1817	1290
1817	1558
1817	1661
1817	1663
1817	1675
1817	1691
1817	1741
1817	1828
1818	573
1818	1005
1819	175
1819	266
1819	486
1819	732
1819	788
1819	841
1819	1042
1819	1189
1819	1543
1821	49
1821	86
1821	205
1821	224
1821	226
1821	707
1821	851
1821	976
1821	1222
1821	1289
1821	1348
1821	1467
1822	138
1822	248
1822	983
1822	1399
1822	1623
1822	1774
1823	142
1824	134
1824	915
1824	1394
1830	31
1830	723
1831	311
1831	1361
1831	1673
1831	1821
1832	14
1832	88
1832	655
1832	700
1832	763
1832	1143
1832	1212
1832	1506
1832	1595
1833	248
1833	294
1833	560
