422
283	111
286	123
382	23
356	28
279	4
378	7
267	8
333	401
305	59
367	222
260	110
256	179
309	393
294	22
308	106
335	79
301	398
314	403
384	23
337	106
276	14
335	81
376	79
305	403
323	79
341	415
371	79
337	230
298	205
356	222
345	14
383	226
357	2
331	414
314	416
251	220
378	385
338	19
330	123
351	391
380	79
342	15
346	79
352	394
328	24
310	23
310	93
378	229
356	400
310	411
334	141
382	140
341	97
322	183
354	45
266	143
286	79
123	168
377	161
255	110
295	27
361	79
290	7
336	57
314	10
271	42
379	101
265	138
347	222
347	58
335	2
347	19
315	196
356	9
309	249
322	393
356	80
266	421
287	173
371	25
345	22
350	19
279	393
305	7
379	192
334	184
346	7
375	106
334	239
259	5
314	26
355	210
307	80
262	21
309	55
326	229
341	225
314	111
345	96
263	79
309	99
301	64
300	19
286	70
358	95
288	16
301	22
347	219
309	80
275	388
325	31
384	122
337	223
79	105
378	115
124	137
276	187
275	26
335	172
298	6
356	138
343	227
301	117
281	385
274	8
336	191
352	123
309	32
324	183
307	10
324	7
355	179
380	4
272	196
302	81
270	7
272	162
384	151
260	7
352	225
381	248
257	8
308	11
379	67
293	217
81	155
284	220
290	79
378	110
250	179
337	106
298	243
370	7
311	43
304	134
278	45
347	19
258	223
264	225
380	227
81	26
379	77
306	203
280	229
274	100
355	18
375	7
348	200
347	79
290	229
256	10
266	139
323	15
285	111
309	223
324	41
124	409
305	106
298	53
344	223
289	161
312	32
347	5
255	10
311	133
335	33
324	411
355	102
329	405
272	183
297	104
338	15
290	7
298	120
334	402
384	111
298	18
355	204
255	122
273	79
356	229
336	3
349	223
342	79
379	158
287	106
275	62
352	215
310	101
324	111
285	13
300	113
378	385
375	27
39	393
323	17
288	51
278	96
337	206
347	108
382	150
290	109
313	75
335	404
298	221
299	9
338	15
381	82
356	11
377	220
293	194
281	79
383	7
329	170
347	180
378	93
342	393
276	122
298	18
300	61
344	10
364	206
374	10
313	132
293	14
300	57
384	409
317	221
274	36
270	128
288	122
267	90
270	79
281	131
305	101
332	20
377	22
314	84
286	7
293	15
277	56
331	391
347	93
358	230
327	7
342	16
378	235
270	25
81	29
338	6
393	41
313	39
377	7
250	6
310	119
298	16
303	242
294	8
260	116
271	10
313	216
373	221
258	399
332	8
298	11
288	190
279	222
346	79
310	417
348	403
256	78
314	80
346	14
287	80
347	7
260	7
298	51
360	390
383	34
351	228
346	19
293	5
371	185
352	191
340	16
339	186
381	52
272	93
310	93
278	45
288	184
300	232
347	15
356	175
335	164
345	63
290	246
347	19
314	79
342	106
336	23
125	219
310	396
278	81
256	99
355	49
355	237
371	79
337	137
316	2
338	226
269	56
349	45
315	7
369	134
377	57
332	25
253	96
355	80
276	188
349	21
384	12
124	34
321	178
272	32
334	106
276	64
345	113
350	136
356	20
342	79
298	8
285	94
301	7
274	110
315	7
272	405
315	127
273	79
351	79
308	421
382	40
318	176
375	11
384	56
310	54
305	73
342	136
349	197
325	120
286	36
323	219
275	104
256	204
340	17
379	131
384	11
279	35
262	124
290	24
305	127
342	79
346	11
282	88
305	86
341	79
383	8
342	212
301	79
381	79
355	129
341	19
356	25
352	81
300	240
21	142
349	114
309	7
342	5
258	80
305	147
355	57
290	11
286	79
319	222
344	6
314	16
383	177
337	53
313	148
356	166
347	131
277	41
255	385
347	19
327	20
273	74
381	405
280	389
298	93
335	218
294	7
291	23
284	127
298	146
314	53
297	120
125	14
321	391
320	99
288	79
311	145
380	122
81	32
266	222
272	83
275	81
383	6
379	62
305	162
339	27
378	41
279	121
308	183
336	57
347	195
274	106
342	15
374	136
289	171
339	27
260	16
355	81
346	32
338	241
333	389
347	209
269	194
340	105
333	411
267	79
258	9
343	7
338	72
347	29
332	7
334	121
349	123
293	415
334	96
305	80
271	40
278	199
336	160
377	14
300	7
255	398
335	11
288	7
321	8
305	404
383	27
289	153
267	2
352	59
305	244
264	154
278	15
81	219
365	69
303	93
344	191
275	34
339	1
345	116
377	26
342	14
276	18
380	95
296	99
384	241
348	213
276	110
268	79
286	79
266	51
351	26
347	34
305	14
271	131
335	7
267	99
293	15
296	402
344	394
310	40
300	58
258	85
310	79
294	2
356	385
296	40
368	84
335	99
254	107
345	207
287	130
337	7
319	93
377	83
280	100
280	80
334	410
352	231
294	83
276	51
342	234
293	195
344	91
293	157
326	408
341	181
327	51
347	25
338	219
346	143
280	79
260	56
356	8
260	25
255	53
346	228
347	20
345	391
374	237
299	36
351	81
382	6
346	85
377	95
336	2
21	57
347	79
349	8
300	37
353	219
352	138
298	22
376	127
341	22
341	216
305	79
353	93
310	420
348	7
279	11
290	408
355	225
275	144
335	53
289	136
307	136
290	6
336	136
292	7
277	44
382	79
124	52
300	38
266	46
345	395
270	5
81	87
264	12
341	79
337	37
377	79
278	24
252	23
300	237
330	198
270	99
309	79
296	169
318	242
266	79
264	106
302	93
299	20
295	201
325	8
347	48
356	420
313	56
327	135
366	79
348	238
341	114
264	236
290	117
355	100
278	118
299	79
378	10
289	81
325	392
309	107
310	219
336	84
271	120
375	182
258	7
318	35
379	16
347	219
264	7
270	211
285	52
326	227
296	159
123	245
290	233
256	29
355	7
326	30
324	93
278	239
382	84
305	231
382	387
340	386
305	11
351	25
340	99
304	8
322	7
346	85
256	8
304	51
319	229
337	222
336	136
81	80
336	106
306	174
342	407
123	81
340	89
358	8
299	76
346	167
261	7
289	25
299	155
279	29
355	7
340	18
336	163
359	219
346	128
313	84
270	93
300	7
375	8
377	247
355	7
362	7
272	114
337	47
374	7
264	220
356	221
277	7
333	406
300	65
260	418
123	7
299	13
305	99
284	68
300	79
337	152
383	202
274	31
382	51
293	385
347	102
315	15
304	393
311	407
273	418
348	110
266	157
314	80
275	98
309	189
377	99
309	131
372	31
298	137
274	103
309	106
272	8
264	16
338	17
309	104
380	29
379	85
234	193
335	193
341	8
250	112
297	395
290	16
306	149
320	57
374	227
318	413
305	119
250	397
304	419
256	44
355	122
349	137
358	215
337	7
382	45
277	50
255	156
295	106
348	92
279	30
301	388
349	80
294	391
81	391
374	131
266	34
378	5
384	166
315	7
357	165
285	80
297	140
333	422
273	56
289	224
347	180
292	71
299	85
326	48
304	202
376	126
321	84
279	25
329	385
310	79
291	106
294	203
305	27
379	102
278	66
356	127
289	225
266	79
335	7
260	194
265	163
307	208
363	51
300	122
315	27
379	227
288	143
297	146
344	7
338	106
275	79
294	8
376	60
352	17
308	8
378	5
337	79
318	28
287	51
384	412
383	391
275	22
341	123
375	12
320	214
304	42
287	225
283	29
314	79
273	123
347	111
305	52
304	24
