422
345	34
253	79
304	211
335	93
341	219
304	420
300	30
355	387
290	236
298	225
301	122
344	99
279	221
342	395
309	395
304	180
342	79
319	18
356	18
81	57
348	79
278	7
300	139
380	7
322	106
352	32
296	68
310	156
270	81
234	34
332	51
266	81
320	79
335	225
324	1
298	85
258	41
383	106
383	93
250	7
267	419
81	14
305	6
336	136
301	10
264	24
320	216
356	99
335	12
338	22
342	53
305	51
266	208
270	2
307	407
355	414
305	219
294	209
279	392
310	79
279	53
337	174
382	79
378	390
297	7
358	4
335	62
307	120
299	79
295	99
302	14
280	420
327	213
346	405
347	35
293	32
308	226
375	67
334	80
327	220
310	44
278	26
342	99
375	76
359	391
340	7
267	403
282	106
298	79
347	111
342	180
292	411
301	81
380	171
356	19
348	202
378	47
357	70
305	205
330	193
250	131
352	99
314	393
272	35
304	45
345	31
299	41
281	183
314	7
305	40
305	79
341	187
81	225
352	96
289	161
326	123
356	11
285	136
311	56
347	203
290	247
309	124
256	246
250	7
347	6
260	106
305	227
264	408
305	83
288	15
273	134
348	32
278	415
278	81
287	52
289	143
347	79
258	79
293	140
288	11
350	101
351	153
335	170
338	106
345	104
281	116
356	104
379	37
347	385
379	51
290	17
315	13
266	56
298	138
352	388
79	79
352	42
381	7
256	16
336	222
349	404
264	16
336	165
123	6
290	20
299	219
340	7
356	83
308	238
351	7
260	29
342	106
347	182
266	58
335	7
261	80
275	109
267	223
300	52
272	94
376	46
347	123
305	14
328	26
309	7
276	385
373	143
298	111
267	137
317	229
341	56
273	181
337	4
338	9
341	17
309	7
309	79
284	19
278	106
318	31
347	9
298	122
280	29
377	129
355	23
327	15
334	2
124	25
376	198
336	225
378	36
283	123
351	112
321	168
286	192
293	26
301	49
310	405
293	110
379	18
273	403
272	19
338	10
347	16
315	204
377	79
384	7
277	408
358	82
380	115
355	19
274	113
344	42
258	22
295	136
124	127
315	106
269	199
334	27
305	93
346	36
81	219
264	221
376	39
285	386
277	137
346	14
294	122
337	11
378	79
310	155
324	79
382	177
351	104
298	79
349	191
260	31
349	80
277	385
273	162
346	113
355	81
81	64
319	79
313	5
347	84
356	79
375	166
272	66
278	7
353	95
288	144
379	78
335	111
338	43
310	154
305	8
393	146
371	210
260	15
304	15
255	79
344	7
370	141
336	150
336	11
296	28
304	45
340	394
329	11
279	80
318	219
277	91
321	191
285	53
344	88
362	51
333	25
289	241
378	243
276	225
309	233
356	100
379	24
327	234
293	6
380	15
349	123
325	220
289	93
314	93
381	9
349	7
290	99
272	26
376	231
325	10
355	50
356	13
352	27
266	8
314	101
21	196
377	7
267	93
349	194
347	161
374	106
330	84
296	219
383	155
382	227
297	162
123	225
279	56
338	7
287	34
355	41
374	397
345	230
285	151
382	415
293	15
305	2
351	122
323	22
336	73
349	93
345	391
265	173
347	229
324	164
310	237
321	228
287	111
264	106
270	122
308	128
298	385
343	127
335	8
271	93
272	223
293	27
298	391
298	183
382	131
384	2
335	394
384	176
280	79
313	87
378	81
257	15
301	403
295	7
275	130
289	142
335	7
271	40
319	7
276	215
345	64
377	221
297	103
341	51
286	80
334	7
255	37
275	152
342	100
375	111
290	206
298	57
379	404
377	385
125	110
310	245
315	8
340	60
307	118
266	6
346	412
340	143
341	223
279	51
284	79
379	20
367	409
337	107
250	137
333	134
347	25
371	3
313	15
374	407
347	228
299	100
275	179
381	16
256	84
303	389
351	10
356	7
274	8
337	138
318	136
346	93
375	391
339	80
343	72
310	7
294	244
266	102
271	92
348	8
265	217
259	19
350	23
287	106
273	183
300	7
365	399
305	16
314	401
356	23
311	7
294	10
299	159
310	7
346	178
357	179
262	126
336	122
323	24
322	15
315	41
293	84
358	79
287	79
289	239
332	23
293	25
310	8
252	81
305	15
300	166
300	22
334	7
326	45
355	106
342	79
314	79
334	201
298	249
352	89
278	223
274	133
352	79
256	79
306	184
279	69
369	206
375	79
337	57
296	402
383	27
338	23
313	17
306	57
303	7
346	7
335	416
290	7
338	421
269	135
256	84
81	25
337	26
260	160
270	422
344	175
260	157
272	56
356	136
278	12
384	224
308	418
305	391
314	222
297	7
326	148
352	167
270	106
337	147
382	7
314	393
348	79
21	146
379	5
258	8
270	27
299	16
382	239
309	402
338	71
273	119
347	25
341	14
300	123
341	29
309	406
324	18
271	7
325	116
291	158
272	102
345	237
333	231
260	220
290	185
302	229
289	117
305	45
300	16
275	61
279	6
332	8
371	14
355	131
329	138
384	81
313	421
305	215
346	227
298	21
381	93
309	163
354	8
278	11
274	19
81	79
347	29
264	90
347	20
301	202
301	40
323	36
125	241
251	52
356	121
377	65
336	18
378	34
318	413
358	80
363	411
347	207
274	222
348	56
264	85
254	222
268	227
279	2
332	57
337	389
258	226
258	8
270	79
364	16
331	79
255	7
275	410
356	59
276	200
260	189
379	417
314	197
355	388
318	191
256	11
383	79
383	20
348	96
355	59
336	127
275	48
286	232
263	131
347	99
336	398
310	12
124	214
315	229
333	20
326	79
314	137
361	220
378	57
349	5
278	96
384	74
275	51
255	7
377	179
338	8
340	7
276	235
283	132
291	405
299	216
321	30
355	227
384	131
39	85
347	409
290	53
342	8
347	27
294	111
310	5
337	23
272	5
314	204
81	169
377	19
377	8
276	240
383	172
300	79
337	79
287	28
324	123
340	75
377	194
289	95
310	193
342	393
313	8
305	79
298	17
382	38
346	110
342	77
334	80
383	5
299	119
336	16
344	101
255	8
300	8
371	58
384	25
297	120
309	114
346	128
331	32
324	186
345	190
280	79
352	6
288	97
285	22
335	7
292	19
347	391
314	7
312	54
374	222
311	102
337	229
341	80
355	203
313	14
356	127
288	96
325	34
280	44
309	8
384	157
300	79
290	7
329	93
309	221
342	212
344	218
353	80
378	55
260	10
377	400
368	33
339	219
274	22
309	149
311	25
300	248
335	45
334	122
382	11
323	93
286	98
349	105
298	222
337	114
276	95
288	99
309	145
379	418
256	84
286	127
124	10
123	110
288	7
270	396
378	196
320	57
378	80
356	183
374	79
123	51
286	99
360	223
342	99
300	79
355	53
326	83
384	230
346	393
347	121
288	114
308	51
274	120
378	393
266	391
306	7
341	188
316	85
322	27
380	106
293	80
342	24
337	110
284	29
294	195
377	222
300	242
300	120
294	79
333	14
347	79
339	52
255	106
305	80
307	105
266	385
290	63
276	195
347	40
266	110
356	219
382	11
374	22
305	140
375	86
372	79
256	10
264	62
379	21
290	5
345	229
366	7
296	117
286	194
380	131
347	25
290	81
335	385
355	48
384	7
339	411
305	136
383	108
355	237
281	79
298	8
294	393
304	85
277	163
355	136
304	107
255	11
381	219
262	32
341	398
275	19
275	2
271	29
341	242
346	79
315	184
