422
307	109
378	188
344	195
81	1
256	25
381	107
337	229
375	177
308	403
336	57
275	385
301	405
335	227
290	79
320	215
357	53
310	389
347	57
310	19
342	81
313	7
303	159
256	51
278	7
298	136
294	11
347	94
275	11
356	27
308	55
380	421
335	93
256	19
346	79
314	41
347	207
276	106
314	42
318	391
294	131
377	20
314	79
347	51
358	83
295	18
258	29
301	69
264	119
373	417
363	398
384	75
347	136
281	129
307	385
288	15
346	40
310	231
272	27
358	17
275	2
286	22
384	79
304	79
295	51
351	191
21	14
287	52
338	19
275	113
297	80
341	237
377	33
346	57
276	184
81	120
294	162
347	84
347	164
384	96
124	175
266	27
341	51
124	40
377	93
264	5
124	56
288	6
308	123
345	158
293	387
374	219
318	59
345	170
331	4
344	418
290	128
341	51
270	11
258	79
293	5
294	29
314	192
377	132
341	32
279	179
270	15
315	87
304	231
377	396
375	194
344	413
347	7
370	166
338	83
382	121
319	2
309	32
342	19
286	385
372	8
340	138
123	183
375	7
340	60
345	15
380	73
297	36
347	7
306	6
256	233
300	26
304	156
303	239
337	30
305	238
300	43
339	23
367	220
294	196
322	216
379	214
355	116
266	81
340	393
305	157
330	415
296	406
335	223
285	7
356	171
285	198
290	65
375	7
340	16
380	17
305	29
309	189
280	161
266	412
313	7
336	208
393	9
234	212
276	201
266	70
257	6
283	6
273	200
275	79
384	168
276	7
273	19
293	96
287	102
347	122
311	183
311	131
332	240
267	8
346	8
332	11
335	173
336	249
293	93
351	179
334	26
335	393
288	391
368	16
296	186
21	163
335	223
321	84
329	11
314	393
336	100
293	20
337	223
267	229
337	14
255	204
309	391
123	394
356	232
347	146
341	85
298	45
314	15
310	172
285	219
333	134
279	222
338	57
381	106
379	408
325	35
376	79
270	402
375	8
256	16
322	7
335	2
283	34
299	11
347	219
352	409
378	237
355	395
339	391
355	118
356	79
282	106
299	415
364	105
301	116
295	31
298	226
298	221
279	79
342	223
338	155
347	2
300	30
352	9
81	88
266	127
378	16
371	11
279	222
374	81
287	64
270	7
335	225
305	93
305	421
290	53
275	420
379	143
327	11
334	137
278	104
277	10
320	77
256	93
123	7
269	7
298	7
334	45
301	76
382	206
342	79
341	79
336	110
271	22
318	10
299	29
275	32
355	6
356	195
326	101
258	95
346	72
300	7
289	123
255	10
298	7
341	190
355	127
266	135
380	388
381	221
345	7
325	246
337	225
347	204
377	81
305	206
304	27
347	119
349	111
346	81
337	106
383	27
269	392
274	402
335	409
298	101
258	203
289	15
81	56
383	105
305	106
293	34
340	122
268	235
260	25
334	217
300	7
277	22
304	16
343	8
377	229
348	32
315	110
355	218
290	10
344	7
342	122
337	12
340	80
337	229
345	106
345	130
294	220
327	79
274	83
341	81
306	106
301	79
273	209
358	411
332	112
355	7
336	63
340	79
289	126
382	21
262	41
321	100
326	182
374	390
300	227
349	52
276	194
300	7
264	7
310	111
287	5
324	79
356	242
355	183
270	99
336	68
343	25
380	80
336	80
355	127
378	24
375	62
323	113
298	84
349	230
265	167
309	9
338	80
315	38
264	8
277	187
309	122
259	96
309	90
300	222
384	79
310	95
342	123
260	7
342	395
338	85
307	107
365	34
347	25
338	219
279	142
287	53
300	148
272	184
266	54
348	141
341	7
355	241
286	64
279	385
342	8
362	146
272	196
374	23
289	7
326	122
277	79
379	57
345	139
350	99
369	99
345	397
314	18
379	391
300	25
264	120
329	416
315	215
278	102
349	202
352	229
305	99
321	219
355	229
79	61
323	203
350	82
305	46
346	79
312	79
273	120
291	111
318	403
254	28
290	79
336	16
310	15
291	34
382	79
309	79
81	3
289	407
305	106
270	40
377	5
300	6
347	411
338	14
379	124
322	26
305	18
264	96
379	245
379	15
324	136
297	131
278	11
358	2
307	419
278	111
325	22
355	34
264	219
383	220
288	26
379	145
276	58
250	8
313	101
356	41
371	10
292	110
310	138
293	8
347	79
280	10
314	103
297	117
347	7
342	91
288	74
384	7
382	48
349	5
277	152
353	181
280	127
286	7
352	80
349	24
356	59
271	106
296	144
298	79
355	106
256	8
349	8
341	228
333	149
273	180
347	31
311	66
289	133
278	114
124	7
384	15
315	236
300	174
334	99
274	84
309	127
378	67
298	137
267	8
306	393
339	17
304	86
377	242
371	4
325	36
305	110
337	20
347	404
276	7
266	99
310	137
342	155
285	51
359	99
356	111
352	93
310	56
313	71
356	25
262	422
274	51
280	8
309	79
376	19
272	225
384	219
336	194
348	8
371	12
310	394
256	385
266	228
338	52
378	153
81	385
278	411
275	405
345	100
294	414
299	79
356	79
305	247
335	37
279	22
333	162
271	28
339	227
334	239
384	19
378	53
305	230
352	13
290	79
346	222
278	143
273	79
275	111
296	391
347	399
270	227
342	10
352	408
260	234
284	102
279	51
301	134
382	220
378	123
298	193
348	7
333	85
348	14
342	136
377	108
266	179
383	80
290	219
348	225
304	391
347	42
290	131
311	14
293	16
276	27
379	216
336	79
272	53
299	25
251	150
290	92
301	80
355	6
335	117
366	169
383	123
344	185
260	79
328	79
317	7
341	114
321	15
346	81
297	93
376	221
298	389
264	45
293	211
324	80
314	110
356	110
250	93
300	24
255	131
290	80
260	403
346	393
314	98
293	79
309	16
309	400
260	7
310	79
332	79
272	93
284	79
324	23
258	20
281	85
265	14
302	7
288	95
335	26
296	5
378	418
305	45
341	222
285	140
324	79
377	199
378	393
252	56
305	57
378	79
337	19
383	15
334	79
250	114
290	20
382	219
255	81
299	52
267	49
335	224
344	138
382	226
379	122
286	193
384	79
281	128
337	223
377	7
260	18
347	210
374	79
346	79
255	221
342	178
298	213
298	99
313	180
326	176
274	79
335	14
260	45
310	8
337	248
378	222
300	385
355	106
374	5
270	106
305	13
318	57
381	7
263	136
125	140
290	44
347	18
310	131
292	154
323	137
305	115
319	12
327	222
342	123
309	225
334	93
351	7
357	51
305	104
260	8
351	120
274	36
299	151
288	104
304	81
274	41
286	37
272	23
333	11
351	7
289	404
253	106
354	24
349	183
349	136
279	84
314	79
319	157
313	398
302	227
315	388
355	22
81	80
337	99
284	165
289	7
313	22
286	7
315	143
278	237
308	147
298	191
309	44
123	40
356	8
308	14
356	48
309	241
330	78
337	7
294	23
356	410
346	80
382	35
376	10
255	7
255	32
275	50
272	244
384	23
272	7
320	8
329	7
261	84
300	160
338	163
381	19
352	79
299	8
356	56
383	7
288	39
323	62
280	243
271	386
81	79
361	25
360	121
336	2
305	58
383	106
39	89
347	205
351	85
278	407
383	99
305	122
250	16
344	202
355	25
353	166
316	401
125	80
352	93
331	197
324	29
352	56
346	225
271	97
382	27
356	93
348	161
327	21
326	47
314	29
375	191
347	405
380	136
298	420
287	106
258	17
267	31
