422
271	123
125	137
366	9
344	7
347	79
273	14
324	35
345	6
267	222
318	51
341	81
288	96
274	51
284	100
339	106
342	79
346	135
267	8
347	26
255	79
347	79
377	38
345	80
352	207
305	400
341	93
349	219
341	122
313	11
332	27
347	132
382	150
381	93
290	385
279	196
347	29
340	208
294	7
374	48
255	191
342	47
21	29
306	225
336	92
356	194
272	408
335	79
324	214
290	106
315	102
300	79
342	85
256	80
355	79
352	422
275	25
353	79
322	410
270	202
363	117
309	402
260	20
379	172
286	109
278	395
304	7
339	219
337	124
294	114
307	179
353	79
334	203
250	106
360	15
297	401
371	80
344	26
342	79
382	63
308	408
356	57
288	220
319	104
319	27
260	22
81	93
314	210
321	7
324	116
320	182
305	7
350	7
254	106
305	79
347	28
269	71
305	136
341	388
348	7
287	106
333	8
301	31
384	99
356	40
255	137
301	51
369	419
344	7
297	415
260	79
347	15
309	11
336	25
275	7
334	229
266	110
303	23
327	115
79	100
311	19
344	24
315	222
344	69
357	79
305	232
333	11
124	80
346	81
290	127
384	32
338	248
324	227
315	113
374	120
81	36
337	106
376	385
309	190
382	223
293	27
377	62
381	7
309	385
347	386
384	155
310	84
289	404
335	51
377	216
339	23
356	122
286	39
279	42
355	8
264	14
352	242
255	106
270	227
314	83
378	62
329	15
271	65
290	59
340	7
300	7
264	134
365	79
364	8
288	10
279	136
337	148
329	53
380	7
379	45
332	7
347	157
350	51
374	241
333	195
250	99
280	21
379	118
355	6
81	233
324	111
349	111
330	389
359	80
267	58
371	140
310	398
258	106
272	40
299	99
294	34
338	24
356	221
123	79
314	137
378	107
255	225
346	8
256	25
274	170
372	19
285	421
375	7
291	93
255	81
356	7
347	142
373	158
266	99
367	225
275	166
377	99
310	7
322	221
349	5
271	237
338	204
334	138
300	96
340	73
340	80
321	111
313	18
347	120
299	84
336	8
270	202
305	177
276	23
294	137
358	162
377	1
271	179
275	15
258	123
293	57
348	57
378	79
275	52
337	79
284	215
347	111
256	56
310	56
276	64
336	2
374	32
311	120
336	106
273	402
337	95
378	34
351	391
370	75
273	119
123	238
356	201
355	223
289	24
258	17
333	411
342	51
256	104
315	35
337	2
347	110
355	7
334	222
336	80
342	184
272	152
356	7
278	64
342	79
306	106
376	24
298	93
335	411
296	22
338	230
375	183
315	141
304	136
383	178
382	122
348	79
278	99
314	224
352	166
341	134
275	90
81	110
349	143
266	385
318	44
345	128
378	79
351	145
305	183
266	223
383	175
281	68
81	99
289	19
336	249
382	240
285	389
314	403
278	8
273	407
267	411
269	15
315	194
355	8
250	147
305	53
298	187
277	79
284	114
272	138
347	74
294	13
274	227
307	106
331	390
309	15
347	420
290	242
298	8
300	122
304	7
317	80
346	79
378	32
351	191
379	219
301	7
288	406
256	217
384	100
290	7
309	203
383	54
318	106
294	7
349	393
270	29
358	120
343	22
278	93
343	167
333	106
301	130
338	60
302	93
335	25
309	154
318	28
298	6
290	52
252	12
393	12
300	119
273	7
257	213
340	415
325	25
272	48
123	136
255	114
376	112
340	106
300	228
318	8
286	79
324	79
380	405
296	8
279	52
358	197
337	111
256	23
346	19
272	414
270	131
323	8
81	84
274	7
381	33
124	136
293	18
297	393
320	51
349	105
355	241
371	13
287	8
377	184
39	239
336	225
305	87
314	128
380	11
342	79
327	30
335	102
378	31
337	51
347	66
345	56
348	19
266	17
355	17
287	131
276	404
124	41
304	393
314	45
295	205
310	79
338	19
309	79
265	9
381	79
334	234
355	222
305	226
384	79
292	10
278	79
382	16
293	79
305	85
290	191
377	129
355	99
355	84
311	157
299	245
262	86
253	83
383	227
310	80
341	22
289	29
341	26
336	14
384	7
303	136
341	19
305	122
378	219
347	221
298	26
313	7
328	14
335	244
347	111
362	151
326	16
347	225
300	3
283	196
125	45
287	20
272	398
356	10
307	110
325	81
355	82
375	8
298	81
310	236
342	79
352	79
342	15
338	23
279	12
81	409
298	7
277	67
309	391
345	417
356	25
329	40
290	85
371	2
288	10
276	192
352	149
345	198
234	161
347	156
334	193
270	237
260	222
300	10
382	23
272	163
335	385
299	5
278	5
381	88
327	227
356	122
377	220
379	81
355	16
346	391
264	219
308	59
292	4
310	95
377	136
265	7
310	418
287	40
375	199
301	79
332	85
377	79
123	70
286	107
258	127
326	7
313	45
266	96
288	230
352	123
124	99
355	181
380	407
309	143
295	247
356	200
276	93
305	8
319	385
334	49
308	131
348	171
309	99
342	14
261	101
379	169
286	396
251	146
299	393
368	79
326	416
298	27
344	223
325	143
286	165
376	185
276	5
349	46
304	41
342	189
250	76
301	79
298	420
342	155
346	161
323	36
267	216
351	15
347	80
300	140
21	17
266	228
260	393
289	418
275	79
378	399
335	226
279	174
262	89
293	121
346	7
305	93
274	153
380	209
298	91
293	7
334	8
271	53
344	7
316	413
290	57
377	220
346	104
260	22
282	41
313	164
304	25
341	79
305	195
309	163
342	385
278	391
290	133
384	50
347	144
326	219
300	97
310	7
321	6
277	7
286	219
320	11
298	61
383	45
323	85
288	72
379	53
337	7
314	18
298	7
299	123
302	83
296	231
278	108
277	32
310	6
337	131
346	98
356	42
298	27
266	15
339	103
315	18
310	11
276	218
314	34
379	6
382	180
384	79
383	9
289	57
280	394
264	27
305	79
300	393
280	53
278	2
348	183
332	231
314	16
256	110
346	204
298	5
336	116
305	212
293	395
310	16
349	183
293	16
296	122
294	138
335	27
296	56
341	139
383	221
337	229
338	29
275	388
335	4
291	206
294	397
268	11
274	193
321	7
345	44
300	30
280	37
275	79
305	81
289	219
352	5
379	10
281	225
378	246
345	127
308	229
305	7
285	188
270	37
314	229
336	110
264	168
256	8
347	409
275	123
323	10
311	34
341	10
310	8
274	84
277	79
347	41
335	215
356	22
293	2
264	222
287	80
383	93
345	81
260	57
263	31
301	19
347	194
337	11
260	80
279	222
304	19
283	16
295	7
356	14
264	131
346	392
351	52
298	391
340	102
357	126
352	79
280	20
338	6
354	57
384	79
266	211
273	96
279	206
298	421
258	79
375	159
299	7
293	412
384	58
305	237
335	121
355	11
326	34
312	123
337	84
346	16
288	51
335	7
264	219
337	80
380	20
355	394
379	179
347	93
377	11
374	25
309	391
336	405
314	391
266	56
356	26
297	173
300	14
384	94
382	79
81	160
260	77
306	36
289	403
297	7
327	186
338	229
378	239
309	403
361	127
259	101
335	2
300	235
272	18
307	223
276	229
352	106
374	405
313	220
331	5
290	180
279	101
281	20
375	8
347	81
305	93
330	117
300	21
258	78
351	387
285	29
382	16
358	32
322	25
348	14
325	22
299	105
270	15
341	55
356	7
304	146
375	131
313	43
290	176
378	127
383	113
285	56
355	95
379	243
308	162
349	7
