422
309	219
254	217
324	26
383	121
298	93
266	2
348	132
280	2
356	7
310	129
310	99
374	52
345	119
291	51
290	11
293	157
293	7
330	106
350	206
384	7
304	246
310	7
310	11
377	247
336	110
352	7
375	146
384	41
305	27
298	44
347	93
347	102
279	245
384	23
276	241
280	391
276	144
284	392
277	8
260	219
337	19
322	211
319	104
294	5
299	8
274	128
295	222
355	57
314	51
371	225
382	12
292	179
272	227
332	10
361	131
275	41
277	230
346	249
327	11
345	405
376	391
294	15
309	69
347	96
379	7
256	41
272	421
250	190
274	200
324	221
347	32
281	29
273	137
301	116
334	80
318	51
300	199
345	106
346	136
311	415
266	23
338	31
301	7
368	18
275	79
297	28
276	180
338	80
311	238
351	84
267	45
296	7
303	235
326	7
290	237
337	226
332	229
81	231
337	195
323	93
275	419
279	420
250	171
318	27
333	136
286	229
275	33
357	45
346	53
342	24
304	213
338	234
286	53
258	407
273	113
337	395
296	222
279	106
345	42
258	120
335	228
384	8
381	79
271	16
382	407
347	8
320	62
379	163
335	81
290	59
347	11
376	14
257	101
298	162
340	7
300	176
301	57
341	99
335	16
296	23
341	149
298	4
340	93
366	158
349	57
324	122
311	80
375	2
345	140
306	79
379	24
337	222
342	128
336	34
123	15
81	248
305	127
123	22
352	51
314	212
290	8
273	79
344	15
356	9
304	51
286	61
341	19
302	98
346	162
280	102
81	79
305	72
255	5
124	79
344	188
353	31
306	138
315	156
380	84
272	19
379	177
318	388
336	203
324	105
278	137
300	6
293	80
384	391
260	78
379	80
336	105
284	18
278	62
307	131
381	239
383	14
323	14
338	85
384	79
298	37
329	80
300	109
280	23
300	11
293	79
341	114
320	111
288	95
295	111
337	29
310	155
336	7
318	194
314	166
253	408
371	228
330	221
342	219
287	221
348	67
347	10
298	421
355	25
277	168
323	7
349	225
382	183
298	32
336	401
305	106
341	229
347	50
335	391
338	111
282	110
314	56
347	79
308	215
350	231
355	13
276	409
298	244
325	141
288	20
320	19
356	16
308	242
336	416
336	64
351	167
256	207
383	22
305	137
343	79
378	123
288	37
358	16
305	218
268	19
382	7
337	399
279	117
352	14
285	79
342	45
288	391
326	206
305	111
377	96
272	32
365	34
303	107
275	19
384	136
355	11
325	204
352	36
308	7
342	412
262	136
314	118
298	194
289	135
356	153
309	221
270	17
272	7
310	415
309	143
271	183
300	403
258	394
378	19
286	422
260	8
79	8
333	196
309	32
378	191
287	16
347	120
290	57
124	106
299	127
341	82
371	27
376	85
298	192
341	79
302	120
125	18
293	230
258	35
269	137
290	10
378	79
260	18
310	79
346	8
293	5
256	408
334	11
381	136
349	22
377	7
349	19
356	225
338	131
375	397
298	79
338	25
305	193
294	16
288	99
328	79
326	170
356	93
378	104
281	7
310	76
347	131
299	8
329	388
81	183
315	119
81	99
341	17
355	184
347	68
309	139
339	7
374	147
264	148
256	40
289	219
355	220
352	127
273	99
263	79
327	226
349	131
340	393
271	21
337	92
289	95
355	25
345	191
21	22
300	111
333	34
355	133
300	131
356	179
338	122
383	93
258	53
353	100
272	403
304	387
301	56
336	7
341	163
266	99
377	18
348	181
307	14
347	5
305	91
305	237
360	10
347	41
313	81
294	52
342	10
335	79
310	405
340	93
337	84
342	79
314	8
310	85
384	27
351	107
265	15
290	20
342	393
286	54
313	417
314	197
373	222
379	23
297	7
334	30
294	20
81	7
342	410
333	56
280	2
315	90
264	242
278	14
250	202
345	70
276	28
267	186
281	106
289	38
344	22
315	31
275	29
314	418
351	222
339	403
258	16
356	21
393	179
344	83
251	22
123	106
294	79
275	223
351	7
81	8
379	180
255	404
352	111
335	7
267	386
264	400
294	127
305	7
331	81
279	44
305	80
335	80
298	126
305	81
343	106
347	159
322	3
358	16
321	79
252	405
374	220
378	7
276	225
291	7
375	20
346	59
309	25
355	114
352	53
270	87
322	414
278	81
256	130
356	100
310	166
81	36
290	8
374	110
355	34
338	56
334	115
317	6
305	74
378	46
290	15
293	75
331	136
283	48
334	48
264	227
376	96
347	209
347	79
334	134
346	233
299	95
305	100
347	40
267	7
345	93
346	7
309	6
264	14
313	227
383	150
266	39
304	396
279	413
309	385
335	174
378	85
278	29
356	27
356	239
384	385
313	11
335	151
383	25
347	79
382	9
377	25
286	6
275	208
289	223
345	79
294	106
337	101
271	389
273	81
285	214
300	34
288	58
336	420
267	7
309	1
275	393
290	138
336	60
313	49
382	8
380	64
309	389
309	89
379	10
286	7
123	86
297	7
266	140
300	122
369	241
382	10
264	122
21	83
339	51
299	43
270	65
300	225
347	194
380	411
323	2
338	79
355	411
377	110
299	222
274	84
312	178
310	99
260	391
313	79
342	106
377	123
285	183
288	224
274	83
346	222
332	51
383	124
308	411
356	243
270	138
352	40
321	57
299	123
382	104
379	79
337	12
275	79
327	81
314	52
311	79
355	122
340	116
260	113
342	13
335	123
266	71
289	406
308	23
314	80
347	223
284	25
297	120
344	57
278	202
335	15
362	219
344	79
384	393
326	385
305	11
346	51
326	184
315	191
316	5
381	53
352	79
375	26
367	15
357	169
374	161
324	393
310	80
307	27
301	106
377	10
359	27
300	237
259	223
124	8
382	172
321	30
334	5
349	155
375	7
349	35
287	7
305	7
354	165
382	7
297	7
337	8
266	189
349	25
287	123
305	79
333	146
283	9
255	227
379	122
377	215
335	4
290	106
370	51
337	182
289	161
372	160
295	32
256	79
355	29
301	80
255	7
315	17
279	220
348	93
255	173
261	110
266	88
292	108
264	210
340	25
277	164
380	219
325	45
278	45
274	154
358	393
378	402
270	114
298	11
319	79
288	112
380	93
309	185
290	79
380	26
274	195
347	204
356	216
265	79
363	223
342	79
334	79
260	196
304	79
305	7
269	79
347	203
293	52
296	225
301	385
300	6
324	106
289	110
358	77
378	7
125	36
296	385
304	80
39	84
266	123
290	7
260	145
347	79
332	7
250	15
287	99
374	99
300	29
299	16
342	8
325	227
341	236
314	7
285	2
356	6
273	56
381	102
276	56
379	66
256	79
304	229
355	96
346	398
279	201
347	57
356	391
306	15
347	232
260	385
270	79
346	404
337	127
339	187
364	79
278	198
266	205
340	7
336	229
384	22
335	142
305	47
310	7
349	240
383	398
341	143
383	395
298	20
314	81
348	6
319	17
272	79
255	193
256	106
355	134
270	99
329	24
277	394
321	390
335	5
262	402
377	175
344	97
278	8
377	157
255	94
300	81
315	409
327	216
264	73
270	80
287	79
305	42
124	40
313	122
309	63
375	93
371	93
318	101
234	15
351	143
348	219
307	55
271	219
298	12
276	26
272	7
348	229
356	219
352	8
278	26
378	106
347	117
377	152
346	19
378	24
342	136
293	418
341	121
272	103
355	58
356	8
279	79
274	84
298	85
293	14
355	220
285	385
