422
352	93
326	53
124	89
335	79
345	80
355	205
380	103
304	7
300	56
351	93
376	102
314	25
290	17
125	18
380	237
299	99
326	139
309	7
380	202
314	7
290	58
304	7
336	239
336	6
336	26
256	120
290	408
308	106
341	79
310	95
341	7
327	9
309	7
309	236
21	106
288	184
313	152
269	36
270	51
355	79
375	404
379	94
310	225
267	45
355	119
355	79
377	19
125	24
340	7
277	84
384	393
278	85
81	93
294	96
305	194
272	164
294	138
281	393
371	53
334	123
370	19
378	114
352	23
272	14
332	118
304	25
271	51
356	116
289	122
311	183
310	12
337	79
123	399
384	93
323	111
284	225
314	9
347	26
329	27
290	79
270	415
267	41
315	2
340	60
318	151
278	81
345	41
338	8
336	19
345	247
343	14
270	22
345	16
356	8
300	100
378	36
384	169
315	421
342	95
286	131
333	225
272	5
291	121
355	79
356	8
293	7
277	159
287	240
351	93
348	22
300	244
337	179
266	191
277	48
279	17
363	225
380	163
282	165
341	7
381	56
355	121
270	122
288	93
336	5
337	7
278	52
346	220
336	418
270	223
378	150
377	15
308	122
275	115
314	7
379	387
310	56
371	231
322	24
295	5
338	14
299	68
305	187
340	79
305	402
255	203
256	25
308	11
293	106
294	51
378	2
380	27
382	418
353	12
260	79
279	80
309	81
263	404
276	32
291	7
321	23
384	19
382	15
338	43
321	6
380	93
266	8
349	79
357	199
300	143
347	106
314	72
347	106
360	229
335	198
335	206
384	132
382	136
348	80
264	15
344	27
384	123
381	412
264	2
345	215
377	223
255	411
305	34
310	127
281	111
298	140
341	15
379	22
344	23
338	85
324	402
350	228
294	8
375	417
301	120
288	222
318	110
368	111
324	183
345	49
355	200
334	81
305	24
290	396
326	216
382	104
287	79
356	55
273	11
338	29
81	7
379	237
300	25
342	80
260	204
336	79
289	107
344	46
337	170
294	79
344	246
349	85
361	79
264	131
262	7
346	7
335	79
320	73
347	391
286	9
356	79
266	153
286	18
276	99
349	87
300	220
280	11
333	189
275	91
255	128
379	219
323	98
268	8
305	123
289	245
358	50
335	241
384	106
271	16
306	7
307	185
289	57
294	90
293	39
326	131
21	79
305	105
358	93
260	7
341	16
278	222
270	388
342	391
294	4
300	149
274	26
356	208
309	44
287	138
318	10
300	81
341	110
347	7
81	112
286	408
311	219
349	7
328	393
257	106
383	18
266	110
299	17
339	389
252	54
123	7
374	214
269	25
39	62
337	40
334	24
272	10
260	219
342	79
364	7
279	31
288	134
256	40
313	101
332	64
294	5
278	242
334	2
362	130
296	29
365	220
371	243
265	227
342	395
267	7
276	79
335	79
300	113
305	30
319	180
349	10
329	100
347	104
352	28
335	7
275	8
255	403
372	223
292	147
350	51
334	219
286	51
266	57
266	8
336	74
338	20
346	204
279	93
359	79
347	391
369	108
347	84
288	415
303	15
281	133
346	242
254	34
347	394
355	47
290	180
279	401
349	36
347	84
298	76
377	129
375	226
355	80
266	84
302	14
305	106
355	79
335	13
354	194
250	16
275	120
346	45
302	20
260	93
347	8
377	188
305	168
337	226
342	41
275	79
286	79
325	183
289	59
280	7
314	11
346	29
81	41
272	172
383	234
335	79
377	422
344	79
378	59
310	80
315	25
334	61
311	386
340	232
342	4
297	391
305	217
381	57
316	7
288	2
323	7
304	111
303	79
308	155
298	35
324	7
275	7
322	202
379	11
271	221
255	220
323	143
297	221
270	224
336	229
301	18
305	167
275	393
311	75
333	58
284	219
347	92
264	190
358	136
293	146
377	183
356	17
322	134
375	225
356	419
295	212
337	409
378	154
270	100
338	19
319	25
352	110
272	411
356	7
260	80
275	248
293	122
356	195
327	81
289	10
81	5
277	33
304	219
325	18
296	421
347	84
339	6
337	23
313	393
305	20
290	13
310	391
337	7
310	10
298	8
258	52
261	157
278	7
262	7
378	81
342	53
337	34
310	101
264	82
258	6
313	218
278	385
382	194
296	216
335	31
123	413
355	14
345	385
347	416
382	10
293	210
313	138
342	177
285	142
347	57
378	11
278	96
298	63
366	8
283	79
277	8
352	186
355	116
259	8
346	64
337	79
344	16
330	1
272	225
356	96
324	122
356	80
376	5
325	201
379	398
260	228
377	34
346	191
342	222
334	15
325	136
343	105
376	197
256	227
378	117
250	137
355	25
378	107
305	8
306	14
300	65
339	175
351	79
300	222
356	127
341	7
290	114
336	192
299	8
382	162
288	127
310	99
319	229
309	83
260	79
275	397
335	15
300	163
300	136
274	385
280	79
344	229
299	106
285	40
383	109
258	7
338	117
298	42
356	124
347	30
250	144
351	391
264	69
266	407
258	19
374	15
310	44
383	37
279	37
333	99
304	34
300	405
341	398
352	26
250	155
347	235
273	102
382	394
374	403
296	196
297	99
290	80
330	79
279	16
290	392
379	12
341	106
326	32
346	106
347	10
271	8
266	83
256	110
300	51
315	62
255	22
320	385
284	7
346	411
378	162
342	79
301	171
356	219
305	137
339	52
384	7
305	53
278	7
335	45
298	114
315	25
341	7
375	110
272	97
285	42
274	182
373	101
276	131
332	137
357	131
327	99
310	414
309	71
273	21
345	52
312	22
338	123
305	80
376	156
383	145
301	27
324	19
274	79
335	196
313	409
346	19
264	6
285	11
381	8
298	407
320	67
335	176
348	51
314	48
384	14
309	128
275	120
313	391
346	27
379	179
383	40
81	93
307	173
377	29
298	11
280	79
377	77
352	178
309	85
298	7
375	241
384	239
267	227
347	81
379	207
309	99
383	193
347	78
293	8
356	127
338	93
353	222
377	195
329	16
293	136
280	79
345	27
276	99
290	7
256	111
255	213
234	420
309	11
310	140
315	113
384	80
310	227
305	15
289	123
324	119
317	136
296	122
299	10
358	21
349	3
274	84
314	56
382	211
287	32
307	51
288	237
337	157
347	22
273	102
374	31
351	99
298	80
124	238
253	249
331	143
309	131
81	23
340	29
314	400
347	16
356	83
299	390
258	7
334	388
274	6
347	389
333	51
341	20
355	122
290	405
298	137
352	7
309	45
321	223
305	79
337	161
309	7
81	79
304	111
301	32
298	79
348	222
348	215
286	135
342	104
315	136
374	79
347	26
283	7
305	85
276	126
347	223
299	191
256	57
331	160
337	219
278	79
377	11
265	57
272	230
279	35
287	106
375	106
298	79
346	45
124	32
336	420
314	166
285	395
342	53
347	406
260	229
336	22
355	231
355	38
349	28
298	19
342	2
307	193
298	209
349	15
305	79
314	230
379	385
382	27
332	405
341	16
256	174
374	14
383	29
264	95
355	221
383	79
321	184
371	106
279	161
276	106
306	99
290	96
340	56
308	8
348	127
271	23
297	70
289	79
304	393
351	123
367	222
314	86
293	81
295	88
258	81
292	219
301	80
381	56
352	179
318	6
293	5
274	20
301	148
393	57
79	166
352	403
378	233
124	385
340	203
267	385
347	227
327	229
276	79
123	221
273	410
297	158
287	146
348	141
318	181
266	66
273	206
251	7
