422
379	224
269	6
377	210
293	8
329	34
327	407
294	31
352	14
344	79
340	45
298	241
347	228
335	145
336	213
293	219
335	389
301	7
310	178
298	22
351	136
379	391
346	415
79	102
355	413
310	180
357	406
279	396
125	96
348	122
318	24
379	131
356	237
348	11
346	20
298	190
297	137
310	183
313	79
371	126
310	225
333	19
347	79
278	26
305	41
382	194
341	2
324	22
310	5
279	216
375	34
258	41
275	388
378	200
280	23
345	219
254	168
81	2
382	80
277	5
321	111
272	248
275	14
334	17
377	110
301	7
305	167
264	111
318	170
338	230
322	57
384	16
378	36
346	40
335	209
356	46
293	121
330	196
374	393
279	385
256	8
370	8
308	9
342	399
321	414
300	116
298	104
309	105
276	79
273	391
345	2
352	45
256	27
356	2
275	408
262	50
278	191
334	219
330	5
304	8
346	2
336	79
348	109
123	102
266	90
383	417
376	163
338	104
377	110
334	99
289	123
290	121
298	7
314	25
301	67
262	211
381	24
260	93
294	79
334	219
349	57
311	19
335	8
336	183
308	79
308	31
332	71
256	238
285	7
311	56
309	24
123	162
314	184
81	56
355	172
342	171
349	156
306	51
290	95
333	229
299	385
288	106
272	101
315	117
303	10
264	35
323	230
355	88
309	7
286	412
347	391
329	25
295	32
361	22
256	29
299	19
305	389
342	103
342	227
256	80
305	15
384	25
341	201
345	16
324	79
347	393
274	79
298	397
300	20
296	21
322	79
256	225
298	79
313	142
374	101
314	7
292	84
321	205
279	93
356	23
353	161
319	391
356	194
347	106
301	79
375	132
124	415
313	226
267	11
280	10
336	79
277	237
275	83
379	16
356	7
379	21
333	4
339	52
294	137
347	27
258	79
299	10
332	93
377	143
341	25
255	52
343	404
338	52
305	204
337	112
314	218
347	113
124	10
335	128
256	81
372	99
337	44
340	195
274	35
275	5
365	229
305	225
274	2
354	388
337	107
350	111
341	148
278	79
286	395
280	79
21	11
331	56
297	180
358	123
280	411
368	53
255	106
81	93
383	240
287	7
350	12
276	48
289	234
281	79
265	93
377	231
384	89
378	96
300	86
300	8
299	5
305	16
309	123
124	403
293	51
310	202
349	33
340	82
381	215
123	23
260	182
298	390
321	16
261	405
288	79
313	14
340	403
373	179
264	57
291	136
337	163
278	6
393	411
300	193
298	138
375	34
311	84
305	7
357	228
234	7
352	32
384	15
315	134
276	114
286	195
270	136
347	7
255	7
378	247
366	221
266	206
355	8
347	222
304	110
309	401
290	18
287	111
258	387
298	235
378	58
355	23
271	393
271	147
284	93
298	127
287	72
81	93
289	150
352	79
288	85
276	18
377	22
297	8
319	217
266	7
335	28
266	99
342	10
379	19
336	64
342	196
381	56
315	402
278	19
293	219
288	78
288	25
280	7
382	79
381	405
320	80
277	51
317	122
276	96
377	34
333	7
384	110
332	191
342	122
339	7
355	81
369	59
312	19
345	9
351	23
355	158
278	13
255	222
380	84
349	233
355	391
260	131
375	120
349	400
290	7
355	79
278	14
264	80
268	8
346	8
338	52
355	221
358	7
277	136
379	57
382	79
382	79
288	19
332	42
250	111
374	7
325	79
297	80
355	37
306	418
355	29
377	140
305	60
346	223
286	10
328	80
313	93
338	7
286	57
81	98
294	23
300	5
309	7
327	407
383	15
298	135
298	120
305	216
340	136
272	386
315	20
309	183
274	99
335	25
301	8
314	80
355	81
380	99
272	7
378	79
347	223
294	80
347	57
81	229
341	102
338	229
305	51
251	8
344	391
356	81
307	94
337	32
279	24
376	398
381	421
352	220
338	85
260	173
309	395
290	70
327	122
304	187
309	85
378	79
349	13
337	221
334	85
310	8
347	73
300	393
314	97
283	222
266	40
275	25
266	219
375	79
313	143
288	7
347	226
307	11
267	231
344	179
338	8
250	6
334	124
272	79
271	76
305	106
318	7
337	402
260	203
279	26
314	15
356	194
384	65
324	207
378	100
287	106
291	53
289	39
319	53
269	215
258	393
299	95
276	81
371	75
345	169
285	221
309	410
342	42
315	69
278	14
337	81
270	79
378	197
296	139
310	193
300	62
383	93
348	199
299	227
272	99
379	146
310	8
382	106
287	11
335	113
289	393
342	223
286	84
295	63
124	68
270	165
380	11
347	12
355	151
299	18
326	398
308	15
356	118
260	183
315	45
289	385
347	246
308	7
309	91
258	394
346	22
300	7
263	9
304	229
355	93
300	100
324	80
294	6
351	115
298	131
296	16
347	131
324	212
286	186
260	106
274	15
383	7
290	38
341	80
352	385
278	137
337	122
358	27
356	174
325	177
352	149
318	28
272	64
276	176
358	32
273	53
383	19
376	99
292	108
363	225
384	245
297	51
341	32
356	55
281	123
125	153
355	25
341	79
273	16
331	99
273	220
382	107
346	123
344	204
266	122
323	36
347	110
305	79
334	101
346	83
344	239
21	81
278	404
345	7
287	95
325	83
260	106
335	26
383	79
305	29
336	127
352	79
290	131
315	79
260	222
380	106
304	140
379	18
344	1
310	80
340	14
345	225
314	85
305	7
285	127
340	157
374	152
306	421
339	41
310	22
337	17
272	12
274	188
284	162
290	420
348	189
384	79
352	26
302	232
314	79
314	122
293	225
279	175
347	93
305	219
303	8
384	47
277	84
351	51
377	49
352	54
383	7
293	81
342	79
322	41
335	53
380	27
272	79
309	208
362	222
275	127
290	11
290	17
264	244
346	79
337	219
267	411
367	130
296	79
342	8
356	18
305	229
270	220
270	30
307	239
123	79
342	114
255	179
290	61
336	123
334	146
356	191
378	79
347	416
305	27
356	242
382	166
364	43
335	392
294	10
327	236
301	27
271	4
345	79
346	51
318	129
384	3
270	227
279	106
324	214
264	15
255	420
275	51
275	161
276	84
377	106
314	391
326	80
329	127
258	7
342	6
378	7
347	219
335	106
252	20
264	184
347	7
351	242
300	6
347	136
300	66
383	104
359	223
341	106
336	137
382	385
336	222
348	87
347	7
337	29
347	110
273	206
326	51
284	79
283	100
266	14
39	77
356	227
250	409
307	96
289	58
294	15
374	17
338	144
271	34
304	128
356	120
288	192
81	59
346	10
266	27
275	7
282	40
298	99
377	80
360	385
382	106
302	37
345	30
309	56
342	249
375	143
323	243
335	385
333	22
374	7
265	29
274	92
300	8
304	11
347	45
320	79
293	16
380	29
253	185
267	16
348	62
289	7
349	56
290	74
300	418
320	7
344	44
293	106
343	93
351	422
375	8
273	159
335	81
376	26
323	409
336	7
371	181
304	40
257	227
256	15
314	79
377	164
337	25
349	119
347	166
285	198
341	36
310	394
326	99
326	408
371	138
270	15
281	136
338	11
310	5
293	7
290	133
305	403
270	220
279	19
384	202
295	160
325	134
313	157
341	14
356	117
298	154
285	7
264	119
378	120
266	31
259	141
305	155
316	7
379	79
349	57
337	131
346	45
301	138
300	111
299	223
339	116
250	7
311	419
296	105
267	7
347	48
305	237
310	11
379	7
341	20
355	114
353	241
309	203
336	222
255	155
81	405
336	6
