422
338	51
377	137
310	225
314	51
309	145
356	79
345	99
377	64
342	232
305	408
308	176
321	14
272	11
337	59
314	7
347	122
322	203
351	81
310	121
272	93
323	79
279	199
266	136
298	228
382	19
338	106
281	20
291	5
267	121
346	79
279	397
323	25
287	189
264	107
331	110
335	41
347	394
373	82
345	8
357	81
348	225
356	99
290	420
379	243
309	143
300	131
298	249
377	79
288	6
294	6
342	29
352	79
336	227
384	26
300	15
278	224
365	34
21	19
314	409
271	5
278	230
341	161
278	6
256	127
337	79
383	405
280	7
335	79
290	14
308	80
349	221
294	15
309	160
358	40
355	23
81	25
304	48
383	19
272	220
315	95
355	41
307	22
266	24
289	84
356	64
340	80
294	14
264	85
355	242
374	89
378	248
345	184
309	128
352	106
304	173
305	100
288	79
325	149
352	9
344	201
266	26
384	170
334	18
312	186
339	398
255	102
325	179
254	137
337	407
293	222
297	13
346	393
234	8
355	155
343	229
347	393
79	2
250	79
320	168
368	15
358	16
299	219
337	123
377	7
297	2
340	385
260	122
380	53
275	206
306	137
256	237
307	24
315	7
345	14
348	152
299	27
308	7
344	103
280	416
384	393
124	403
342	79
274	18
380	395
302	191
274	25
275	244
384	219
297	18
372	18
349	17
347	79
261	180
379	36
347	79
376	135
347	81
299	79
327	222
318	7
314	104
383	242
253	385
318	10
342	56
371	136
353	223
309	3
299	25
314	123
352	183
279	81
343	8
347	11
293	202
300	111
304	180
271	389
298	164
290	79
336	69
375	126
382	110
382	79
384	226
311	19
355	79
260	385
286	21
267	50
293	227
275	100
274	114
328	118
339	140
357	183
327	96
349	143
309	83
260	41
333	61
289	391
336	140
315	215
381	5
272	75
299	86
319	392
344	7
362	1
278	131
309	131
378	183
279	6
277	7
292	146
302	8
335	37
355	80
356	4
300	400
332	36
296	20
342	195
285	88
375	45
288	7
272	8
277	80
345	216
296	230
332	57
309	81
348	25
305	76
287	114
346	31
271	227
314	32
380	81
290	399
278	415
325	109
266	196
270	104
274	136
310	15
329	79
342	8
300	119
349	84
346	93
305	57
347	25
310	111
268	7
322	385
341	102
305	15
290	106
313	225
314	80
383	20
287	7
342	131
309	415
331	225
339	5
294	33
384	106
279	40
260	79
287	234
356	106
336	93
310	26
351	117
277	127
324	111
315	219
350	7
374	401
378	393
338	8
258	51
270	79
305	396
275	7
292	7
256	80
382	99
348	106
326	218
380	63
318	403
260	79
374	219
301	7
295	394
309	38
295	119
371	51
276	220
274	26
290	105
260	194
293	56
383	207
276	391
298	79
279	90
347	7
281	7
264	417
313	227
342	154
294	101
258	162
258	83
307	41
347	116
310	9
379	25
347	151
330	8
375	418
298	159
297	77
329	55
323	222
287	30
314	23
298	132
123	229
275	10
333	99
305	8
278	31
333	134
301	81
345	8
342	117
338	130
338	223
334	222
266	104
256	26
255	87
272	191
332	178
335	8
383	405
289	136
273	79
383	7
333	6
349	79
369	388
293	419
342	93
324	96
348	27
273	79
340	112
374	123
267	7
303	411
335	80
298	53
345	14
257	136
255	179
124	62
384	79
361	190
354	193
305	123
305	229
341	7
288	131
81	43
266	179
337	155
355	11
375	40
379	79
291	96
275	223
347	188
346	28
305	51
377	19
81	56
334	225
250	7
310	14
346	187
376	52
356	14
39	93
322	57
324	120
336	213
251	390
283	208
275	163
342	62
298	29
321	12
313	385
345	79
304	405
339	7
289	106
346	80
375	122
81	58
344	221
346	122
288	111
300	177
346	216
124	165
277	34
305	80
341	106
344	45
335	102
355	29
275	7
377	7
360	238
341	8
277	220
367	99
315	5
340	15
305	79
264	127
305	44
300	225
280	229
276	15
279	137
355	220
301	391
282	116
295	16
286	227
288	413
309	219
255	223
279	84
270	157
286	18
379	96
351	93
256	79
305	16
352	169
382	101
345	7
382	93
262	113
347	17
286	93
255	16
273	12
290	22
301	418
381	7
271	58
335	229
283	12
311	11
298	45
346	385
337	95
303	7
276	402
271	72
298	6
288	16
300	124
266	51
299	73
347	235
276	7
370	34
290	16
260	237
81	2
347	222
347	110
356	8
355	222
298	167
356	74
356	106
305	32
264	31
296	158
356	385
341	53
309	206
300	20
355	214
266	120
124	84
347	83
341	161
301	27
311	197
285	7
310	79
310	7
355	27
340	106
285	404
341	142
324	79
21	4
325	16
301	110
347	202
276	35
376	398
278	171
305	56
338	40
378	175
347	144
351	94
336	229
347	29
379	99
327	10
334	111
314	10
313	107
314	91
266	79
377	7
358	85
335	99
379	388
356	217
355	106
310	71
313	196
297	7
378	21
352	110
290	56
380	35
384	192
349	406
375	414
125	191
81	138
273	8
285	106
356	128
289	56
378	133
380	166
309	136
308	57
298	99
351	22
284	10
379	8
289	79
256	205
330	411
320	7
384	79
336	22
383	222
347	93
326	8
332	138
258	241
347	27
315	23
337	221
278	24
377	85
305	29
284	403
379	34
311	93
384	123
305	219
327	113
276	402
275	245
344	79
356	85
314	80
376	101
377	131
264	106
377	42
267	228
341	246
290	408
275	183
366	195
305	239
337	81
356	32
348	5
318	122
356	54
293	79
284	172
285	409
379	15
270	80
289	45
364	226
341	219
379	84
265	80
381	85
375	27
326	2
337	51
298	44
293	393
308	421
256	162
259	387
335	7
306	181
256	65
341	51
263	23
258	8
378	81
304	51
269	16
305	22
352	122
265	212
300	7
293	7
334	404
355	231
342	32
351	78
358	100
274	15
324	79
336	17
314	57
346	7
338	19
269	136
273	389
337	141
294	95
335	122
305	15
337	11
290	52
317	79
310	200
300	27
264	5
309	70
338	7
123	395
355	120
299	210
298	106
298	11
326	29
378	42
316	204
335	79
347	204
260	30
347	68
266	114
252	115
300	9
334	193
313	14
382	25
280	184
352	215
383	97
270	49
382	93
288	139
250	105
382	84
334	10
287	22
374	20
290	2
274	391
301	174
384	241
333	10
290	240
296	198
356	231
262	32
304	60
381	138
338	421
337	79
276	37
393	79
273	92
334	11
350	19
294	127
260	99
272	412
338	7
324	7
310	108
355	219
319	79
352	223
81	67
299	52
349	11
300	23
286	393
349	34
267	106
250	8
270	59
304	123
307	194
378	24
356	156
346	57
315	219
377	111
279	420
258	153
378	46
264	127
304	17
382	11
123	36
310	247
340	391
300	11
255	148
335	211
340	19
323	93
342	7
270	22
300	45
278	39
349	157
272	411
347	19
294	48
270	147
347	53
293	6
272	79
310	386
335	236
378	79
336	407
320	7
381	7
346	209
293	7
81	163
336	57
374	99
359	143
353	182
326	233
318	28
313	221
306	66
348	23
344	129
337	25
378	166
319	239
278	194
355	391
123	2
342	10
125	422
377	47
286	410
289	53
336	13
347	79
341	8
280	146
255	391
336	110
281	80
321	150
337	134
352	185
321	79
335	98
371	120
329	52
371	16
298	203
296	79
286	237
363	7
