422
301	7
384	54
378	175
256	6
267	186
371	84
277	385
279	16
299	114
272	393
298	396
342	176
283	227
260	408
123	398
300	8
383	15
276	410
301	225
313	393
279	387
285	122
344	4
325	88
372	14
280	11
336	79
275	6
81	184
318	419
333	81
284	130
348	7
363	93
300	15
335	205
342	7
355	136
294	72
322	241
81	36
274	32
356	10
281	393
383	51
289	106
384	84
374	19
319	119
290	53
377	32
266	36
289	220
272	83
255	57
332	79
305	222
275	52
288	17
308	79
381	110
333	107
355	39
347	57
311	10
327	215
256	113
321	102
336	143
298	249
347	193
360	191
258	110
306	101
355	79
123	6
277	16
345	79
324	81
313	156
276	221
356	244
381	164
383	407
335	14
337	80
344	48
256	151
288	137
310	79
250	7
342	16
384	25
347	16
341	131
305	16
287	222
383	409
342	127
378	56
81	79
342	132
384	106
320	106
336	25
341	229
355	144
324	121
276	93
324	136
285	7
277	8
266	44
234	138
336	98
365	118
351	15
379	183
280	111
338	210
324	209
309	79
293	27
298	51
289	41
347	241
322	17
347	8
332	15
308	400
305	395
308	93
380	76
348	59
295	235
347	122
284	217
279	22
283	120
378	161
384	79
290	80
377	14
307	131
287	51
347	96
279	93
272	113
375	229
275	79
377	99
264	8
278	41
336	219
358	11
341	79
326	11
258	22
290	154
300	45
261	2
378	33
298	57
347	391
357	207
304	18
351	14
278	165
375	237
330	14
286	37
287	29
347	401
21	127
345	83
381	29
299	42
266	61
250	19
264	8
356	228
39	20
335	16
258	12
288	94
304	2
376	79
81	106
276	79
310	137
266	25
295	106
345	7
337	24
278	219
334	52
341	42
349	16
331	31
270	79
260	7
309	8
304	394
379	57
354	226
361	27
276	27
255	20
353	40
371	150
326	177
315	415
300	395
326	79
124	106
310	56
279	7
335	19
378	403
341	145
294	14
323	192
310	51
304	110
344	391
255	79
256	234
379	231
302	7
345	152
337	10
270	7
339	91
335	11
347	93
273	120
250	161
346	15
325	123
339	18
81	2
356	99
298	13
305	402
341	191
342	106
313	45
290	22
305	22
307	142
382	30
345	136
323	146
264	111
284	79
263	10
335	79
81	19
272	182
338	108
338	32
356	105
317	75
255	106
288	191
278	19
286	51
349	7
338	84
344	23
300	212
382	155
260	196
341	96
327	385
379	93
382	32
293	248
314	203
376	223
313	198
377	179
319	93
380	417
383	44
340	80
124	201
337	223
296	131
315	7
255	79
301	57
337	104
338	7
374	31
294	8
332	110
275	202
274	200
309	99
270	7
314	7
336	100
293	7
356	229
294	34
310	22
272	137
309	216
337	7
378	128
352	158
335	27
343	406
314	222
329	106
267	166
280	403
275	79
338	5
379	5
381	197
380	231
336	408
383	43
328	126
347	79
305	229
335	238
337	230
352	106
342	58
274	53
348	66
298	8
299	222
259	133
260	398
300	34
347	109
358	223
370	19
340	422
258	143
274	81
257	79
280	227
381	79
275	120
297	60
356	23
356	101
335	136
265	167
384	240
347	389
347	79
340	26
262	123
321	246
374	157
334	7
337	19
355	7
305	9
309	222
340	28
310	7
260	17
350	385
384	220
254	7
356	139
305	81
334	10
256	96
366	84
281	421
351	83
334	29
333	93
346	172
268	194
359	21
393	185
273	79
314	12
315	62
374	106
305	79
293	50
337	219
287	46
285	111
298	79
324	181
336	391
384	24
382	8
253	389
269	128
310	117
375	229
299	85
314	134
256	391
273	8
298	219
262	97
276	236
304	163
315	242
338	81
288	16
300	129
351	79
378	16
355	418
303	79
260	53
300	110
264	123
323	1
355	7
272	111
305	79
305	6
260	208
382	79
377	136
255	35
270	116
345	27
352	64
347	14
267	51
350	225
285	10
352	5
345	81
337	7
304	89
316	123
298	25
352	11
329	225
286	153
336	232
266	99
348	227
299	106
290	122
274	40
326	67
371	51
296	7
346	385
377	56
79	7
272	392
286	138
264	116
346	105
318	41
347	5
335	84
309	134
340	40
300	394
341	47
377	21
300	57
266	8
383	219
379	215
355	79
300	413
270	407
288	53
305	74
356	393
380	70
374	166
358	85
341	220
379	230
305	84
260	137
310	420
352	23
293	127
344	131
329	80
325	23
321	416
292	214
260	131
281	26
298	138
347	388
382	160
333	122
337	36
347	52
326	24
345	7
296	99
297	418
342	7
340	8
294	227
290	141
292	199
324	11
378	29
296	31
267	11
336	223
342	28
272	27
266	219
280	77
307	415
355	111
384	79
379	202
343	104
310	225
300	162
81	99
335	115
342	11
299	203
294	81
310	15
379	103
290	23
271	390
327	222
356	179
352	184
355	124
299	95
334	143
267	131
289	106
314	26
264	393
344	25
383	155
290	102
306	79
264	123
356	183
304	405
351	194
358	79
375	8
346	9
299	221
314	20
355	117
355	190
377	178
332	121
364	5
320	163
334	149
300	393
293	411
314	219
21	114
382	64
380	17
309	162
271	100
319	196
337	25
288	8
367	233
279	48
353	78
271	6
300	111
289	229
379	421
315	171
293	220
305	79
382	237
380	7
270	79
315	7
309	95
293	8
312	79
378	414
258	99
286	106
321	10
384	34
250	14
355	80
355	56
298	110
277	20
346	26
309	79
303	79
301	56
309	183
305	37
81	409
382	23
338	405
346	211
378	7
286	38
357	245
256	7
352	68
362	80
342	112
266	73
375	219
290	8
271	59
285	219
298	135
264	136
355	239
266	32
256	7
294	224
266	7
336	140
341	104
309	187
313	5
356	79
368	34
265	8
289	122
323	7
307	93
377	243
309	127
279	90
298	119
346	79
337	100
313	80
330	51
298	80
349	80
349	82
290	25
294	58
346	228
276	99
347	189
309	15
347	7
377	96
123	169
346	247
297	106
305	49
310	168
251	227
291	86
252	62
378	386
311	2
377	85
125	8
327	87
349	57
311	391
376	411
355	183
335	9
346	206
356	15
124	45
289	85
278	180
311	7
318	80
334	403
374	81
277	65
306	7
336	188
347	385
305	95
297	79
379	22
342	206
378	29
287	147
124	404
273	40
337	10
310	11
348	6
382	173
308	7
274	225
302	226
258	2
335	148
275	221
269	399
340	41
275	239
338	195
301	146
273	218
310	180
341	402
275	85
339	420
349	92
295	80
347	102
347	388
288	120
315	71
274	12
301	412
270	391
290	25
347	385
375	242
298	51
322	404
318	107
279	55
376	27
123	35
318	213
290	405
297	80
278	194
276	34
310	179
375	52
309	29
369	193
273	20
272	157
345	18
298	45
304	3
355	391
334	93
383	2
341	79
348	7
293	216
339	79
384	140
305	15
314	195
344	24
346	99
296	30
333	56
300	7
352	136
305	7
290	101
349	7
255	4
278	6
377	63
347	385
356	397
308	114
325	26
349	79
313	174
293	222
279	225
305	7
287	69
352	122
270	45
347	170
373	123
356	18
338	223
286	122
314	159
356	93
371	19
335	15
342	8
347	7
278	25
125	99
348	53
275	7
278	22
291	204
320	221
349	11
289	237
351	204
331	411
271	19
282	81
346	93
301	13
314	127
278	18
314	79
305	80
342	5
