422
298	7
251	388
271	79
347	53
323	194
279	391
300	391
234	181
382	228
274	389
289	5
337	219
275	136
255	116
123	79
355	22
300	102
293	123
81	7
300	36
319	27
356	178
255	79
270	8
318	127
250	66
337	391
298	56
356	102
341	162
384	11
321	79
332	79
348	138
349	227
335	7
289	80
305	404
285	93
383	219
324	93
355	45
21	219
352	57
377	137
280	113
276	93
337	79
384	183
283	76
270	55
315	16
271	93
355	72
346	79
281	106
323	129
295	215
321	25
304	25
305	132
379	177
341	7
342	110
380	106
124	191
345	240
278	15
371	122
274	23
342	418
289	31
341	170
288	403
274	215
298	99
356	26
330	225
382	7
298	97
334	80
340	16
349	100
337	99
306	6
358	105
304	398
307	29
81	28
342	14
318	237
256	8
327	233
384	230
276	203
320	110
277	25
355	8
253	112
266	40
124	27
288	19
347	117
315	152
327	7
277	158
305	33
347	106
335	182
324	196
273	79
272	143
378	243
265	34
313	391
336	189
382	11
286	10
276	183
274	19
315	7
311	26
345	107
347	79
305	89
284	23
285	183
276	79
266	123
296	62
335	235
347	408
359	79
356	95
284	201
347	136
347	394
290	147
309	22
335	106
379	114
264	131
313	15
357	168
310	80
313	106
250	227
378	27
278	83
283	7
305	49
383	7
375	7
325	123
287	59
345	79
278	15
375	393
349	75
286	108
264	32
383	52
338	222
278	211
377	80
384	95
299	74
335	199
294	14
286	35
331	7
352	9
334	79
39	242
339	207
314	3
337	7
263	110
309	402
378	6
305	84
315	144
337	231
346	238
270	79
348	41
295	79
277	99
288	172
326	228
382	77
289	229
308	85
339	99
272	17
347	7
260	138
349	16
377	81
270	34
351	50
300	121
304	79
290	51
352	80
380	123
345	79
258	227
350	218
348	113
379	127
340	176
347	81
384	405
340	222
378	96
268	394
375	164
356	106
314	385
313	102
281	8
375	9
353	29
309	221
301	120
298	94
298	2
123	42
336	79
301	114
356	385
309	395
291	179
355	7
310	82
288	79
255	151
347	13
356	5
279	37
379	14
338	227
322	209
357	392
124	401
314	51
335	106
355	84
304	119
349	193
288	25
333	157
353	60
328	64
277	10
365	7
286	86
294	27
301	4
344	8
309	8
305	23
307	7
315	156
290	1
282	249
322	385
344	17
337	122
81	18
338	25
337	219
346	405
383	16
290	51
355	22
332	32
347	10
334	57
332	7
309	79
255	8
314	195
273	56
331	18
297	134
337	136
356	122
290	396
340	24
81	418
383	25
375	171
260	84
325	107
337	194
332	114
287	184
260	141
347	216
266	7
342	415
298	219
333	15
310	98
256	138
344	103
310	203
264	22
342	403
336	19
309	416
293	7
380	7
280	67
368	79
378	79
256	57
275	219
300	69
351	245
285	17
344	145
384	54
325	220
349	79
272	99
274	131
355	385
371	62
296	7
81	100
310	99
347	57
278	83
361	10
123	224
356	17
314	8
280	183
333	16
344	223
309	220
290	15
329	118
290	411
305	79
341	40
298	96
352	21
305	404
335	127
309	87
256	23
382	11
81	56
279	8
341	2
348	225
260	11
265	56
267	212
278	8
271	400
267	7
290	7
338	173
341	6
356	225
275	11
320	93
284	20
337	14
358	223
342	111
310	8
264	120
336	95
381	106
333	198
272	53
280	53
325	194
299	5
292	195
343	7
336	206
381	88
319	109
347	12
338	106
303	217
278	110
338	101
377	229
324	4
308	8
305	57
300	25
300	12
346	140
293	136
293	2
341	415
310	7
250	7
381	226
259	79
347	393
264	6
378	61
300	56
291	7
342	137
374	18
273	161
300	27
374	119
378	131
298	58
384	222
376	99
356	393
347	34
296	2
279	246
307	106
258	221
289	155
342	159
378	219
305	420
314	7
276	25
314	81
346	206
346	79
377	85
278	25
335	79
334	85
270	11
352	219
377	48
305	239
348	124
380	222
373	398
279	22
315	93
349	29
297	237
258	225
305	59
341	22
384	231
356	53
347	23
306	223
285	106
294	41
272	123
298	223
290	92
336	229
347	79
299	111
305	136
305	229
299	16
295	223
297	389
337	41
255	68
324	27
349	165
321	19
311	79
294	127
266	79
289	19
302	100
303	420
300	6
270	411
379	7
355	22
327	7
273	391
255	409
346	407
338	27
314	20
382	52
294	24
267	51
381	393
293	42
327	31
336	7
335	20
308	202
326	126
288	44
288	16
336	390
266	29
382	52
335	11
272	79
286	408
377	91
356	7
304	154
294	51
279	30
383	5
320	414
252	105
275	214
300	221
335	35
315	104
305	208
275	225
334	395
256	387
287	169
339	10
298	7
326	51
382	222
266	204
371	130
360	101
81	73
301	163
286	15
374	116
334	204
275	79
301	131
297	134
279	21
347	237
341	227
287	7
305	101
335	191
380	57
21	6
290	20
309	241
334	40
348	93
347	221
336	10
351	93
340	79
352	47
308	5
322	139
304	79
363	7
298	84
326	15
384	106
345	106
355	8
382	12
347	80
260	150
314	175
269	399
324	163
309	79
346	143
273	11
342	226
356	137
375	128
377	40
378	34
266	121
337	106
335	412
366	24
335	39
352	391
377	127
352	80
79	5
317	234
294	146
374	393
356	51
345	210
374	220
314	26
272	79
264	155
285	32
262	93
319	20
255	419
276	45
256	51
272	9
266	202
347	80
376	216
287	14
377	53
367	137
379	26
336	229
324	220
264	219
314	79
300	386
383	411
305	10
374	403
125	385
261	79
289	52
334	7
123	10
377	8
370	24
379	402
271	80
378	148
124	186
346	7
298	18
341	81
81	38
362	117
383	142
293	191
292	391
338	46
346	7
347	81
305	45
274	111
260	167
313	90
267	51
258	421
318	45
338	34
318	81
304	128
376	79
349	78
297	205
346	187
379	7
310	180
344	7
351	222
336	188
358	7
260	6
305	79
347	80
267	70
250	11
269	222
347	120
352	197
264	31
347	99
355	140
258	422
379	45
300	179
341	110
275	2
355	19
330	122
342	43
338	19
272	190
296	16
355	8
313	248
296	153
310	146
310	56
372	99
345	13
125	15
346	81
336	242
356	180
318	85
355	200
351	410
287	120
266	44
345	247
279	104
342	230
306	79
329	15
260	157
277	29
270	18
300	111
310	79
313	16
350	32
278	58
311	397
333	239
310	8
290	160
342	19
273	64
380	57
262	407
266	41
308	2
326	161
371	143
310	213
298	193
299	80
290	36
337	388
276	23
307	84
289	32
321	196
299	115
293	111
364	99
258	79
311	7
346	8
276	421
329	96
275	81
345	236
384	85
369	104
378	80
293	79
355	174
301	15
352	14
256	136
323	79
382	122
294	413
305	14
323	111
310	162
358	83
286	79
279	106
351	28
347	63
377	110
299	166
254	14
314	405
379	65
299	81
256	232
342	5
257	192
271	11
375	122
355	36
340	136
290	96
293	48
356	244
312	29
381	71
393	179
342	133
339	406
298	166
274	131
278	229
301	123
260	385
348	393
304	385
340	79
298	122
309	93
354	30
355	135
293	409
275	19
288	241
341	26
275	184
379	417
302	149
309	185
316	131
280	225
281	7
383	37
300	7
384	8
376	8
378	93
343	93
270	84
309	7
344	80
