422
300	23
317	27
375	137
335	7
256	8
377	204
323	203
382	127
81	191
377	89
335	10
278	80
333	8
255	19
298	46
377	34
378	79
342	53
351	411
347	160
329	8
311	219
381	51
305	25
337	7
298	56
378	80
277	79
321	123
339	107
294	200
384	196
310	391
346	10
374	11
307	51
384	85
347	106
378	5
377	80
287	80
333	190
351	162
276	56
285	110
304	184
339	97
347	219
378	385
377	11
260	2
305	106
305	24
293	220
374	138
252	23
347	79
356	114
305	79
346	14
272	79
352	6
290	79
356	25
299	22
356	101
262	25
303	37
287	146
355	229
272	33
310	124
289	385
287	404
260	215
347	229
300	227
335	79
309	100
302	111
348	136
330	11
356	99
375	413
21	110
330	80
258	31
294	22
382	221
290	10
258	96
334	79
371	85
349	214
306	80
300	106
81	111
264	8
374	81
256	11
326	131
344	220
304	393
347	14
288	222
315	410
320	419
315	404
253	49
298	392
273	127
337	106
295	117
343	53
335	26
298	79
384	11
313	106
345	7
305	13
356	226
366	7
376	131
123	9
346	411
273	58
265	79
300	7
324	141
333	8
278	12
378	79
384	175
277	121
334	19
287	137
293	227
294	85
379	8
342	145
279	246
336	403
341	121
378	222
278	142
313	50
274	19
380	391
286	7
356	27
340	102
270	123
382	81
270	81
281	402
270	44
124	387
379	219
379	25
294	108
379	80
124	25
367	390
356	131
258	130
297	15
375	7
260	81
311	93
357	229
264	7
337	99
324	139
346	417
382	393
335	16
336	231
341	93
256	152
324	5
325	7
336	170
378	385
341	223
327	401
315	82
349	221
315	399
384	155
331	79
334	40
289	20
305	398
358	394
382	227
319	403
298	122
383	10
334	225
278	7
306	133
290	137
329	195
376	96
286	26
331	40
310	17
298	183
341	23
324	420
363	79
264	83
279	7
276	79
260	225
305	16
333	102
293	216
338	385
346	84
288	79
289	60
292	39
380	232
297	137
382	147
338	138
382	10
345	143
355	193
280	79
359	192
272	120
346	420
344	18
267	79
301	3
356	31
298	57
288	220
355	211
309	111
371	84
278	5
380	15
250	391
345	79
266	12
352	2
335	393
335	168
381	7
347	83
274	66
356	197
294	7
269	101
264	88
284	56
369	7
275	223
321	79
357	393
315	163
296	79
275	120
256	6
337	111
375	79
285	57
318	16
278	136
384	10
81	28
358	2
342	154
288	186
323	34
303	8
347	247
346	32
279	8
288	35
347	204
299	15
335	150
282	219
293	195
352	95
337	159
358	181
81	100
310	15
279	79
354	406
311	80
347	157
265	56
326	16
255	84
341	7
337	11
304	42
286	123
379	183
310	38
270	106
270	110
347	7
351	7
327	52
310	118
383	421
305	245
272	219
384	6
270	7
280	34
337	47
306	149
300	94
326	165
353	8
290	15
123	45
336	136
290	227
383	26
296	14
81	15
355	76
338	385
283	242
281	93
332	131
382	54
376	58
355	44
260	31
344	409
356	218
384	96
336	180
287	122
345	216
342	120
279	414
335	57
315	230
299	23
276	188
81	62
272	127
299	203
378	24
305	111
294	119
275	92
275	29
340	51
301	6
340	119
257	223
312	236
346	172
379	79
305	179
345	210
273	421
280	122
325	122
276	10
270	389
383	45
347	93
290	191
277	78
304	415
272	104
310	230
351	29
318	167
123	391
348	19
81	418
290	228
355	163
304	409
335	233
310	219
299	53
313	9
278	110
380	57
298	106
322	95
352	99
262	120
355	7
319	48
379	45
276	106
355	5
349	183
324	169
348	16
290	93
299	237
288	131
289	59
336	52
300	22
302	2
280	15
348	191
294	179
377	7
283	23
268	79
337	29
340	134
256	166
293	412
79	116
266	7
327	20
313	52
347	14
316	102
304	110
285	110
336	105
258	122
342	123
356	16
377	27
289	14
377	8
371	237
355	99
278	7
124	5
347	207
267	51
275	79
355	19
310	95
355	6
256	67
347	104
349	395
295	173
234	219
318	14
337	111
305	222
332	53
349	56
279	4
294	79
345	22
342	35
292	99
356	7
267	79
361	25
286	132
314	99
301	77
340	223
300	17
342	103
338	385
348	15
384	79
301	402
342	164
355	398
341	205
346	106
279	223
255	79
344	93
332	79
266	225
346	161
289	81
305	422
255	7
351	140
309	13
255	7
355	6
313	17
350	396
355	68
277	87
314	40
305	113
336	7
301	7
365	70
358	405
310	20
123	22
314	8
336	21
323	4
323	79
290	196
254	416
288	407
341	80
290	9
266	93
275	11
374	394
373	56
347	41
383	5
286	389
382	23
309	22
308	408
293	227
267	25
340	84
375	222
259	45
314	397
335	161
305	178
291	79
393	45
298	80
296	144
309	237
285	407
286	16
81	212
298	84
124	171
347	229
314	62
370	114
320	219
352	405
336	182
337	189
342	123
287	128
264	206
349	241
374	220
379	52
125	222
343	7
278	129
381	222
304	179
344	136
308	85
309	27
307	65
350	63
379	11
260	27
349	43
256	79
250	415
307	213
290	71
347	134
337	14
341	79
309	30
274	105
274	418
382	37
383	51
341	411
266	248
284	126
281	32
318	20
305	48
333	51
327	408
266	229
345	153
288	20
377	25
355	225
295	7
347	6
334	57
326	193
299	80
339	61
298	107
291	34
293	93
311	143
326	21
352	123
297	12
271	79
336	81
290	22
356	106
313	59
352	79
310	73
300	101
290	226
280	143
372	194
360	32
250	198
308	18
271	55
278	162
266	202
309	244
348	51
264	174
314	395
321	64
275	11
298	8
346	79
273	235
310	26
347	99
318	79
300	217
272	93
380	69
371	5
338	177
322	41
298	99
339	194
277	53
340	36
296	209
345	29
264	19
314	10
301	15
332	106
356	8
338	24
347	219
260	234
348	96
352	79
263	40
304	16
346	27
305	91
314	238
258	156
341	391
383	79
325	224
352	184
337	109
258	114
334	221
377	79
368	18
320	127
276	112
300	229
351	215
342	25
255	8
297	249
347	225
378	116
379	79
314	81
269	187
356	194
319	208
298	2
305	403
300	80
341	385
347	138
352	100
329	136
270	32
314	222
274	16
375	75
314	18
286	41
301	104
378	30
305	393
338	391
298	140
356	81
21	19
308	17
273	8
284	98
250	148
377	36
347	393
276	405
275	14
299	388
342	79
305	41
344	122
289	106
322	2
39	106
374	79
274	34
267	221
344	27
334	19
260	7
384	239
309	99
266	136
271	99
347	74
272	72
261	7
305	7
355	7
275	29
338	57
349	19
342	241
300	146
383	36
279	155
324	32
347	239
260	93
349	79
309	151
380	231
309	400
335	93
328	7
256	7
321	242
377	127
310	122
296	83
347	51
264	90
285	85
298	131
305	135
375	7
325	24
342	64
275	386
274	42
271	180
251	15
293	117
300	18
346	81
336	7
335	176
297	157
337	106
338	1
379	388
353	201
300	57
271	7
279	29
334	8
309	8
376	86
384	7
273	51
308	28
342	158
356	183
309	93
338	7
293	84
341	7
381	79
293	225
266	202
345	391
309	79
255	80
362	199
337	243
355	185
125	11
300	228
364	7
378	106
381	7
314	128
307	8
313	7
335	115
272	206
276	113
289	136
266	7
378	26
383	166
315	240
310	8
