422
271	212
352	155
337	202
81	411
346	79
358	51
124	8
279	11
305	23
123	130
323	241
309	77
329	16
290	24
374	57
264	4
355	93
266	51
347	244
336	239
321	10
378	106
305	80
306	404
378	243
374	225
342	116
250	45
375	56
377	123
348	19
375	385
379	80
341	136
304	51
347	6
304	110
347	229
283	109
262	389
327	47
289	69
81	25
383	104
312	225
378	198
320	79
305	93
318	117
309	80
287	99
267	196
347	14
303	17
342	66
276	394
333	18
305	25
351	56
347	84
318	59
347	173
291	26
288	215
377	235
260	53
279	37
353	18
267	227
293	200
382	7
79	234
308	83
345	81
331	12
278	411
340	183
300	54
305	391
344	188
384	249
383	19
335	413
381	184
269	2
347	11
256	242
286	8
256	16
352	391
290	99
276	7
250	391
266	6
273	391
354	29
314	120
345	101
337	107
380	237
297	106
341	13
383	182
266	237
314	8
338	16
254	10
294	136
81	11
322	9
376	8
286	222
292	79
342	96
287	219
260	106
366	240
356	191
349	184
347	29
311	201
275	165
305	195
304	420
298	15
314	22
383	111
256	220
378	194
346	190
124	111
356	40
286	222
123	8
342	52
323	58
305	197
342	419
266	79
258	6
339	7
374	181
335	7
336	15
298	230
346	172
319	79
255	50
123	39
278	32
299	58
355	52
351	84
299	393
351	75
288	401
371	8
21	137
280	214
347	15
284	2
264	154
365	19
317	237
302	202
272	102
332	177
340	122
376	15
303	56
278	79
345	7
324	385
309	29
284	106
380	67
294	62
335	121
21	79
314	224
309	12
335	180
275	102
299	402
276	116
342	159
381	14
377	11
264	127
310	79
266	98
374	99
295	20
322	19
252	8
264	42
345	8
307	49
258	223
356	122
352	35
330	226
124	26
384	31
255	79
371	38
336	5
276	83
289	7
258	65
305	60
289	209
356	408
348	7
299	17
307	21
273	84
335	41
299	96
260	99
310	5
288	19
341	25
334	79
383	40
272	11
276	206
337	223
348	84
304	232
324	131
382	210
260	387
277	122
343	81
378	7
305	79
314	93
267	393
335	144
278	79
296	106
266	156
393	100
274	44
251	51
342	23
270	137
346	219
275	95
334	129
357	25
342	199
359	100
280	79
273	79
382	81
355	117
384	403
279	11
250	414
260	136
304	145
278	189
271	393
309	16
340	23
341	118
349	151
347	385
279	23
277	203
335	79
234	17
355	193
380	19
349	403
294	7
378	79
342	30
258	7
325	57
381	2
305	111
305	29
332	57
375	35
356	95
314	79
327	227
378	106
347	110
358	81
337	206
279	221
309	80
347	402
266	100
300	124
305	25
270	76
310	170
287	219
250	2
332	101
288	26
258	74
328	164
335	16
291	8
268	225
333	205
272	150
334	179
308	203
279	7
298	7
337	22
313	403
384	394
293	29
333	420
378	111
352	183
334	36
377	7
255	391
379	385
294	122
384	7
310	18
309	204
384	45
355	140
264	400
325	10
346	179
345	222
340	157
298	105
275	11
372	34
298	163
305	14
337	227
309	8
300	84
347	56
376	227
265	51
298	28
264	106
344	7
304	211
361	192
313	132
270	7
334	41
270	220
288	179
290	52
355	110
318	63
309	122
384	51
360	25
347	194
308	103
382	13
349	409
348	1
326	27
350	399
338	390
347	111
272	93
335	93
300	62
351	127
260	85
298	14
383	7
380	396
315	7
336	7
39	85
283	166
275	53
345	5
335	36
290	406
296	99
272	395
275	7
356	11
253	152
355	393
382	385
278	79
286	114
81	34
301	20
340	122
255	21
339	110
277	143
345	4
344	27
313	128
327	105
340	127
310	123
81	236
341	79
310	123
341	136
271	53
305	388
347	183
263	73
272	398
313	101
266	146
347	398
276	230
377	7
324	114
333	59
341	106
356	416
347	80
305	80
299	64
380	55
274	110
377	93
338	57
277	208
355	19
290	225
356	112
379	134
356	5
300	386
262	7
298	245
352	162
342	162
270	227
340	7
356	410
346	123
280	225
301	191
260	7
293	123
301	30
269	107
329	57
352	126
346	51
267	93
370	32
294	8
378	70
316	219
323	25
297	137
298	10
280	18
272	99
125	8
342	26
383	17
301	7
337	80
322	136
384	8
355	207
351	194
309	7
293	7
373	238
290	229
310	7
297	14
270	113
273	40
378	93
274	26
300	79
335	81
81	72
374	148
346	155
376	405
315	43
267	134
259	141
290	7
356	22
286	85
293	131
347	138
300	34
314	229
344	158
293	19
315	89
273	8
338	80
311	168
281	110
293	239
300	80
382	219
297	80
302	166
288	106
382	7
355	219
349	7
315	8
321	102
352	218
305	123
379	221
81	219
290	142
325	219
307	106
344	391
301	20
124	229
358	79
356	186
286	71
289	216
305	93
350	114
255	392
326	27
274	79
279	79
347	153
348	27
264	411
310	10
300	23
381	45
368	395
346	388
300	88
377	221
326	53
346	242
356	81
355	185
351	222
290	31
358	10
347	405
261	397
314	131
379	79
287	22
334	16
381	216
324	183
286	45
274	93
305	222
301	119
337	79
256	136
338	221
285	79
338	135
355	7
344	79
349	97
383	417
349	11
348	99
279	20
256	85
375	231
299	161
382	120
278	7
310	215
337	137
342	9
256	422
367	127
296	175
334	169
329	241
300	79
379	8
308	24
275	217
300	223
311	5
352	140
380	220
294	79
304	15
338	93
315	18
355	149
294	57
341	81
300	2
314	79
264	418
81	85
369	111
310	99
377	7
347	53
352	389
271	45
305	9
289	106
266	99
382	15
290	22
355	15
347	95
255	79
297	14
305	171
343	228
288	79
298	128
331	393
347	79
278	131
384	79
323	25
313	120
349	11
356	187
333	393
318	7
310	222
313	19
356	34
285	7
276	138
379	79
337	7
335	41
335	99
320	33
292	64
310	16
310	79
336	20
294	7
364	40
334	15
306	7
280	31
377	409
307	32
298	223
336	115
346	14
298	219
305	178
285	113
337	104
355	22
363	7
274	80
337	82
327	157
338	15
274	44
314	48
279	418
332	51
338	405
346	32
289	131
336	86
356	10
289	80
347	28
255	7
375	6
125	408
293	79
265	136
277	421
272	7
314	220
384	8
309	106
347	5
287	83
383	51
295	96
300	196
379	24
296	225
275	176
345	146
336	87
306	108
290	27
355	23
319	7
276	91
375	68
270	79
300	163
324	204
344	37
293	122
298	421
290	79
315	12
378	127
123	143
325	3
281	46
282	180
382	195
296	93
362	81
272	25
341	233
304	7
378	385
290	79
326	131
313	415
335	160
353	79
371	415
266	79
348	120
341	231
342	193
311	32
308	407
338	14
377	247
278	229
341	161
319	133
379	174
295	5
357	404
299	248
270	81
285	16
336	222
375	8
285	15
345	147
260	94
321	213
339	10
273	106
374	229
356	41
379	34
318	27
260	79
301	104
278	84
315	78
347	79
284	385
309	79
271	79
384	143
324	407
346	139
314	48
258	16
298	2
321	29
377	52
336	223
337	79
310	246
256	119
298	7
330	228
352	106
337	121
336	412
281	56
326	138
320	90
275	92
289	6
336	8
379	6
349	61
298	167
355	22
342	57
309	96
339	27
371	106
341	56
287	80
275	42
377	191
257	391
288	226
256	6
309	36
293	24
