422
378	93
356	106
314	6
323	16
384	160
362	25
375	136
337	162
383	10
288	24
344	19
382	393
302	122
278	40
342	14
337	81
281	195
318	390
321	24
276	127
342	122
335	79
335	7
335	46
382	79
301	7
255	216
384	12
377	188
298	7
298	96
357	183
347	32
313	4
342	191
285	221
338	51
301	143
321	79
356	242
289	34
337	5
376	219
346	22
326	127
334	106
327	14
338	111
264	219
309	110
305	7
305	229
382	79
368	7
341	2
330	64
279	57
336	393
299	396
297	15
349	32
319	415
124	96
260	58
266	385
309	7
336	197
318	79
300	7
304	95
124	79
352	222
346	219
256	17
278	222
264	7
286	244
377	31
310	79
294	79
346	80
342	101
341	93
266	385
304	130
276	241
305	21
356	180
305	122
270	135
301	385
264	101
314	80
347	34
379	72
382	223
272	84
355	7
335	419
355	7
294	407
378	22
270	8
384	231
299	222
375	2
377	407
377	64
325	391
336	123
279	7
346	183
287	38
279	79
311	175
382	7
337	2
301	60
255	409
337	387
347	139
256	198
349	161
347	124
324	219
340	15
125	26
339	204
379	206
293	412
348	394
337	7
384	227
333	79
307	184
352	111
270	11
347	123
347	31
346	17
310	421
347	76
308	18
293	404
313	21
286	213
290	411
309	68
356	51
272	79
338	6
280	146
124	395
290	403
380	104
346	52
309	393
374	15
342	194
327	98
290	63
303	70
371	7
123	40
332	155
334	176
380	110
300	20
344	153
271	35
356	421
287	8
272	136
346	7
295	8
346	179
273	137
288	81
378	93
255	10
286	85
344	7
305	405
347	163
305	193
331	235
379	225
272	42
355	80
293	51
289	16
323	93
347	7
252	90
358	8
346	99
378	105
351	8
270	79
319	29
280	194
258	11
280	14
304	414
339	104
307	388
355	93
326	80
285	110
349	80
250	8
314	25
297	37
286	8
334	201
303	113
283	203
275	391
287	111
343	200
81	102
375	220
313	122
347	223
286	8
260	42
340	151
355	93
349	237
337	96
298	67
278	24
317	218
315	17
384	99
81	80
381	49
266	93
250	93
264	249
250	44
292	159
393	138
301	79
374	417
290	393
266	20
384	51
347	52
326	7
260	19
274	5
264	8
320	131
39	86
340	225
295	10
333	223
260	102
384	94
346	26
271	84
355	231
290	205
309	84
337	229
293	388
374	248
258	19
356	88
377	183
305	10
318	114
264	106
326	120
348	110
336	7
305	36
300	210
348	7
325	14
271	57
378	79
298	17
357	59
277	246
290	104
336	53
260	37
341	239
378	202
123	107
342	19
300	138
306	132
276	137
336	233
338	7
311	44
290	56
287	12
275	110
293	142
384	385
377	148
272	99
364	131
345	29
375	2
253	7
311	112
351	173
81	179
379	136
335	225
315	138
271	81
379	11
341	57
309	106
276	79
81	120
366	18
314	229
334	131
342	402
81	79
288	220
337	117
379	225
296	6
305	420
321	391
349	156
335	50
381	80
331	115
288	26
356	79
314	79
298	84
273	240
266	18
270	7
258	106
376	416
277	89
280	29
278	136
346	16
298	35
378	79
309	15
338	79
310	25
322	145
267	16
294	403
336	27
234	190
314	225
264	189
336	227
123	15
382	7
337	79
313	79
341	79
329	8
266	143
355	51
296	99
355	93
356	114
288	238
318	8
377	25
305	409
355	19
257	23
262	80
335	128
370	122
279	5
270	7
341	81
296	16
305	410
309	222
351	41
383	92
384	114
340	418
274	53
310	62
272	123
260	51
381	15
293	11
296	386
291	127
314	8
275	79
334	385
307	7
359	99
343	4
355	199
347	7
297	216
332	5
339	45
290	247
282	16
314	34
285	56
21	7
356	193
267	149
322	126
323	170
305	79
279	391
294	191
355	7
363	11
335	91
306	27
352	7
355	177
339	229
309	52
341	146
351	79
335	184
273	222
383	99
350	14
276	51
308	8
342	11
283	389
344	14
355	136
309	7
255	11
379	36
382	29
371	168
377	79
335	20
336	219
274	219
351	119
314	219
347	161
355	34
310	65
374	19
304	167
300	219
338	385
335	147
289	79
347	121
384	61
379	106
333	11
266	106
338	79
289	16
310	8
333	69
279	27
338	103
288	10
285	106
335	245
347	7
293	7
310	404
297	166
293	391
310	19
345	172
342	128
298	41
277	398
285	113
308	10
294	85
273	6
269	394
298	140
341	36
338	101
298	405
347	206
360	20
345	84
300	241
275	93
274	236
270	418
300	99
301	192
265	7
344	405
358	106
310	25
321	106
361	6
81	7
300	185
318	237
344	40
356	19
310	8
342	11
79	399
312	80
305	79
356	79
300	157
352	9
278	14
347	165
300	129
340	107
304	422
298	45
344	127
342	30
324	203
273	28
286	162
347	97
291	237
279	84
352	171
383	230
262	79
349	120
347	195
379	7
383	106
378	11
267	137
347	222
275	41
375	227
297	45
355	391
338	228
284	9
374	16
275	99
353	215
300	80
278	31
342	29
348	181
81	10
381	144
258	212
308	121
314	131
255	82
275	7
329	7
294	406
256	7
260	415
289	87
266	393
289	53
356	134
382	47
300	7
267	158
341	85
367	30
347	208
299	83
296	7
269	133
349	102
299	96
355	221
369	214
305	15
298	131
354	40
377	402
258	106
256	28
324	3
284	34
313	143
348	6
345	6
352	12
375	79
345	226
322	48
273	186
276	22
310	191
349	7
323	80
335	62
324	41
309	22
299	57
316	16
278	393
293	207
380	32
365	155
290	183
356	140
358	83
336	25
330	51
289	154
289	23
342	239
298	45
261	111
336	141
350	196
272	79
345	408
21	157
299	5
315	105
347	110
382	27
319	411
346	83
372	79
336	75
81	27
277	131
299	79
305	169
290	106
305	79
256	15
299	7
345	123
311	196
301	164
356	26
256	23
310	226
298	2
376	81
377	122
294	224
259	79
337	59
326	229
358	111
378	220
378	122
265	55
325	222
379	215
345	15
320	194
310	10
280	413
355	95
292	48
334	116
348	57
383	100
347	109
284	408
327	123
325	57
278	242
347	7
305	79
371	22
305	150
346	136
300	25
302	211
256	221
255	209
334	400
278	389
260	53
373	79
337	32
353	111
124	77
264	117
315	180
320	166
380	53
347	39
313	66
309	93
268	395
294	56
384	52
324	20
281	45
274	127
276	420
327	56
286	228
347	23
351	220
279	225
383	26
315	81
375	78
251	227
382	79
379	73
272	219
288	108
333	22
263	8
310	85
380	204
298	229
352	5
348	79
352	27
275	120
305	79
276	100
260	118
304	391
378	33
309	106
255	411
341	182
356	136
278	385
342	80
315	51
328	25
337	174
377	179
341	74
349	178
371	81
335	397
341	58
272	85
304	80
125	54
258	71
290	119
378	223
314	137
266	32
298	99
374	43
340	398
347	217
337	9
305	23
266	232
274	221
279	243
290	79
383	25
356	81
307	163
324	123
315	19
287	57
254	14
287	18
332	99
332	7
300	223
298	81
271	401
293	403
352	13
290	22
281	15
275	23
352	230
340	1
304	392
305	56
376	100
123	202
267	79
275	2
334	116
277	152
377	24
295	234
345	5
309	95
313	29
380	8
300	8
306	79
270	227
329	93
250	106
383	8
308	56
274	13
356	187
314	134
256	79
288	27
381	18
