422
258	15
301	221
305	220
288	23
378	56
310	145
255	26
270	16
340	51
335	51
255	11
305	136
298	94
338	79
285	226
273	36
301	204
356	190
374	7
309	56
338	245
313	393
324	14
337	64
285	71
310	99
379	5
272	32
380	120
314	2
313	83
347	79
351	385
255	196
375	395
352	191
276	93
259	240
260	123
376	84
279	29
304	22
324	14
352	93
315	7
264	79
304	412
355	59
270	43
325	79
261	191
272	225
326	7
272	7
310	124
377	93
298	106
347	189
323	23
329	24
298	85
283	8
356	50
375	79
383	168
320	140
285	27
320	15
288	21
372	99
304	391
337	32
295	121
299	7
352	227
379	106
378	140
299	149
334	79
300	419
256	219
290	48
293	122
334	6
382	79
296	5
292	8
285	403
381	98
273	79
323	45
342	225
349	7
301	20
309	95
348	15
299	20
304	11
342	394
305	52
298	134
346	247
266	186
278	79
305	7
341	29
356	386
358	215
274	11
329	229
272	17
305	79
305	6
300	170
305	7
305	7
352	417
279	106
264	10
256	80
294	81
256	19
342	6
373	101
345	403
300	106
375	393
318	183
322	34
81	72
293	79
316	38
313	53
276	134
352	51
266	79
255	143
333	229
81	414
298	137
334	405
272	219
300	96
334	52
338	102
311	203
314	180
321	14
279	51
378	127
318	219
377	113
349	173
123	96
319	1
322	120
281	393
328	391
287	131
345	7
270	26
272	399
279	34
383	81
382	185
356	402
266	227
352	5
284	238
290	143
302	34
342	420
367	246
313	7
356	16
305	79
289	41
314	79
337	109
298	102
325	8
379	220
347	225
266	222
301	8
335	89
355	48
376	229
358	79
333	79
347	16
341	23
313	122
275	393
305	385
264	97
311	151
380	14
310	37
383	187
294	8
267	127
304	7
296	26
323	212
355	182
339	79
348	201
275	79
347	138
377	136
378	79
347	45
305	222
357	36
273	7
300	13
256	156
124	79
300	113
276	221
347	420
280	84
301	7
289	53
377	203
340	99
299	79
359	421
336	23
341	7
266	65
271	93
274	104
266	52
266	39
365	79
309	85
377	7
355	32
296	148
347	60
336	146
280	7
347	25
333	105
309	106
375	391
344	7
347	79
287	106
337	27
274	218
275	131
257	165
378	122
289	96
383	19
250	235
381	388
382	227
313	221
278	176
340	188
298	194
310	128
272	53
250	216
376	31
366	53
286	20
234	248
336	219
290	84
356	27
125	17
297	81
347	8
379	85
376	219
351	107
347	11
289	237
290	95
256	40
298	106
269	41
294	17
346	195
314	122
346	90
313	106
356	7
343	79
315	222
349	19
347	57
314	217
352	232
260	206
310	101
335	16
300	93
342	422
310	73
355	7
342	166
81	8
311	219
321	8
266	404
307	36
356	5
355	51
21	87
382	7
349	227
290	35
270	25
303	79
379	51
345	7
297	397
348	100
275	32
323	16
293	59
326	243
270	136
266	180
393	215
298	10
325	122
327	204
342	157
280	143
326	80
341	223
336	40
265	24
356	106
297	136
298	80
384	10
378	120
273	83
274	194
338	395
338	15
336	95
341	114
300	22
310	162
295	202
305	7
315	7
39	154
289	391
275	181
277	2
305	54
250	80
326	79
319	37
305	6
284	155
362	391
264	81
314	78
289	398
336	25
349	70
291	79
379	10
335	24
382	130
377	8
375	101
335	5
267	106
377	111
258	93
79	9
281	80
255	23
277	62
378	403
335	79
327	110
300	29
382	222
297	416
331	79
284	123
383	62
271	11
346	56
279	99
384	388
272	91
345	11
255	228
303	79
355	106
336	127
305	239
256	8
334	146
294	410
348	7
380	45
348	183
278	407
295	131
379	8
350	242
314	5
306	22
262	15
298	58
383	18
337	216
21	393
262	106
124	111
324	51
377	163
340	18
314	28
324	7
341	79
293	404
280	223
302	402
348	88
319	7
81	44
336	195
338	85
267	7
299	194
349	20
300	183
356	34
271	14
256	163
374	83
300	406
270	229
379	199
290	19
355	40
342	411
305	385
384	401
281	77
346	129
298	110
81	7
346	79
341	104
342	408
378	209
370	7
308	133
378	7
123	144
342	2
286	213
306	25
294	116
287	135
278	2
289	41
382	175
272	112
301	8
275	11
279	241
332	157
347	29
322	46
352	8
355	79
377	111
331	7
290	202
378	80
341	2
377	106
342	22
355	393
315	153
267	137
307	12
277	80
318	79
124	25
348	99
293	110
279	7
125	8
304	392
375	12
371	52
335	415
333	76
336	123
336	223
343	229
344	241
337	45
364	12
371	228
368	68
286	93
355	136
337	32
258	99
338	6
355	405
374	24
260	27
260	56
273	141
329	61
279	126
268	174
275	225
264	81
379	7
335	122
308	15
276	79
300	7
345	19
291	116
309	56
275	200
314	42
321	249
260	84
335	14
383	22
286	229
356	85
287	16
379	7
361	119
344	222
253	93
341	152
347	57
337	93
290	411
276	79
342	80
349	117
301	118
271	142
254	55
371	99
330	81
334	131
353	8
283	139
311	80
374	224
380	107
306	123
347	172
309	15
310	193
278	161
355	9
380	99
353	237
288	8
266	244
274	230
381	7
305	193
382	389
338	115
318	102
256	18
344	242
300	198
384	79
374	106
308	79
339	110
309	391
384	4
309	408
293	171
381	6
260	17
344	8
356	105
286	385
276	387
293	407
318	84
277	79
377	385
286	136
345	6
298	418
352	15
347	7
270	14
345	99
333	80
305	136
358	79
308	10
315	19
341	47
312	111
310	57
309	192
355	161
300	81
345	10
258	81
347	41
260	179
258	236
327	7
351	108
288	8
341	25
357	19
382	22
263	219
342	79
384	80
346	225
321	225
279	79
347	19
298	29
335	131
250	413
315	34
356	27
335	66
378	57
81	226
305	128
340	106
290	120
310	92
299	205
293	80
335	137
305	117
377	183
314	400
330	164
276	30
342	132
123	69
337	122
317	27
347	93
314	227
337	57
309	409
384	150
258	56
264	398
310	405
274	45
356	57
81	7
309	14
294	13
264	31
285	9
255	18
346	28
350	79
335	184
345	210
265	196
332	220
340	119
356	25
326	121
260	178
337	93
305	111
123	385
351	5
288	20
355	138
290	231
334	7
382	19
344	8
354	104
327	221
293	63
287	220
290	86
298	51
251	4
338	53
356	237
346	7
260	57
347	11
294	42
276	26
339	421
371	166
274	75
344	22
347	184
308	16
252	123
384	79
287	25
347	396
296	191
352	84
277	80
336	82
314	27
273	137
282	160
288	15
300	21
346	222
383	93
346	51
264	7
347	214
351	389
307	35
294	177
278	26
339	219
374	158
324	231
355	155
358	385
378	7
309	138
309	391
337	15
299	79
338	30
324	29
275	103
381	81
286	123
384	110
349	394
320	114
360	96
269	11
379	100
363	111
347	44
270	3
335	18
278	223
267	99
299	114
325	49
356	222
310	31
289	197
349	100
297	16
290	167
304	79
337	159
293	239
346	127
332	79
278	233
334	207
375	131
347	211
296	2
288	418
298	33
309	390
336	179
315	7
271	411
278	223
346	67
384	74
81	230
280	415
337	64
275	127
307	206
278	58
332	11
290	409
340	169
304	219
288	179
351	110
124	234
310	25
355	40
347	10
369	162
383	16
292	147
380	23
341	10
384	208
