422
293	154
294	79
81	228
315	74
329	407
271	93
282	123
374	81
291	79
299	176
344	411
279	385
284	133
379	8
356	5
380	103
346	51
290	7
383	10
356	412
287	8
250	385
269	62
347	408
289	4
309	11
290	39
279	231
378	93
328	415
81	57
260	7
234	79
337	106
276	229
378	4
338	137
279	111
289	393
260	166
341	22
340	18
377	127
305	29
295	6
276	8
352	219
350	144
310	79
349	83
379	67
360	239
338	79
293	34
266	106
338	124
311	105
347	25
310	7
351	36
314	23
348	7
356	139
281	7
124	45
342	15
335	102
284	7
286	8
280	101
293	97
352	237
347	14
314	143
347	122
339	403
356	79
280	93
299	225
347	99
270	79
303	60
312	405
286	159
376	395
381	415
260	387
309	225
124	391
347	57
301	396
81	53
381	218
293	11
374	205
300	416
393	411
298	106
340	2
336	7
310	119
305	106
380	80
314	123
278	204
269	113
288	47
305	53
305	138
256	85
324	222
344	179
336	58
267	213
332	15
299	116
346	171
334	7
337	219
357	80
250	65
322	92
275	127
276	8
375	19
274	131
278	95
343	16
308	79
255	178
318	45
264	26
345	242
266	237
304	175
383	181
352	241
314	114
304	185
375	9
379	15
377	95
353	7
314	16
290	403
310	229
326	7
349	162
280	22
290	219
273	95
333	57
310	101
344	398
272	101
354	201
340	243
347	80
377	121
309	57
124	229
356	79
309	80
79	391
342	119
377	54
301	209
377	220
382	137
293	85
349	82
345	393
255	106
294	43
338	79
342	210
323	80
308	138
345	168
270	31
335	18
347	163
342	120
270	16
289	408
352	187
351	391
333	17
256	394
332	202
305	93
277	232
278	410
285	104
300	161
294	63
313	421
309	157
313	41
304	25
336	216
283	162
309	26
21	27
309	93
347	81
356	27
374	79
334	87
375	137
258	402
339	42
281	14
382	34
347	246
352	93
329	136
279	7
333	422
315	244
298	7
318	204
355	11
355	183
254	122
275	189
382	19
355	79
332	111
292	163
293	233
335	227
305	219
292	6
334	106
345	79
320	110
322	224
306	5
376	223
379	391
347	79
336	99
384	12
290	129
382	22
251	249
255	155
261	79
356	141
293	394
352	207
337	120
326	49
258	7
276	131
324	6
304	80
340	247
276	131
356	7
301	36
81	50
306	221
334	10
371	8
309	131
349	62
383	41
293	169
330	100
337	229
255	28
310	184
338	64
286	16
279	134
305	79
305	16
307	79
341	404
305	2
310	25
258	6
348	239
355	15
297	418
335	34
325	99
334	41
325	217
335	134
298	391
376	10
378	241
368	8
314	7
352	225
335	27
375	42
316	52
324	385
345	16
308	84
342	164
369	393
259	15
370	8
335	93
342	212
265	229
278	230
384	190
270	84
298	8
384	388
297	237
300	94
336	193
356	81
341	25
258	81
375	22
278	7
335	27
347	27
356	11
313	13
307	130
326	59
366	7
325	157
377	22
300	191
305	10
356	81
318	79
342	7
289	40
342	83
348	57
275	111
340	32
355	51
378	17
294	14
311	51
355	93
287	79
285	214
379	40
352	85
264	16
347	5
336	151
301	10
296	7
289	51
323	170
326	11
263	132
336	110
355	79
274	56
347	118
324	136
331	79
275	179
346	7
382	25
362	106
384	122
308	99
298	35
273	8
347	79
347	398
309	7
315	222
303	79
361	11
338	114
258	99
300	180
356	19
300	7
379	219
290	184
356	84
266	223
304	7
352	34
286	7
367	409
275	88
342	83
274	5
309	36
125	25
299	122
271	405
278	19
325	80
273	219
341	208
351	79
310	106
267	81
123	231
256	51
309	156
336	211
309	29
301	405
337	227
374	417
379	76
321	32
294	411
341	22
297	7
266	91
272	117
380	409
250	75
347	79
278	219
275	31
356	146
81	19
384	20
39	41
321	30
305	40
338	17
378	193
81	191
376	127
355	216
305	105
272	120
347	69
258	79
314	127
274	197
382	391
310	206
336	51
350	23
346	86
304	200
273	2
340	16
257	226
335	51
314	136
274	15
293	110
272	391
273	165
301	123
338	107
382	111
298	140
310	15
336	7
342	419
377	135
347	126
347	221
288	40
321	56
299	108
379	6
333	102
298	123
341	99
264	10
344	179
346	7
298	7
351	45
274	109
346	20
315	96
318	136
290	72
324	79
289	93
356	27
321	79
299	7
384	96
337	11
318	84
290	79
276	30
277	152
267	150
349	8
288	11
334	79
291	80
347	131
125	57
250	128
384	61
266	222
381	143
348	53
298	14
271	389
382	106
313	15
285	9
275	14
298	44
315	174
377	110
335	35
337	79
345	7
262	104
346	93
256	7
351	85
349	79
299	240
334	80
300	195
256	99
349	389
337	14
260	79
378	81
348	221
267	81
305	227
309	22
374	106
379	146
355	79
349	55
270	79
371	219
314	183
289	404
346	225
288	53
275	106
345	17
264	5
335	23
255	53
355	11
380	236
287	73
276	106
358	195
267	66
347	222
295	16
297	225
346	96
260	123
270	90
294	23
280	8
124	80
302	421
287	68
371	196
347	116
317	8
319	57
344	228
381	182
278	138
377	161
300	110
256	160
300	385
358	6
341	128
255	403
270	136
285	38
294	24
290	413
337	137
272	7
379	33
277	19
372	198
270	25
346	393
330	230
355	8
322	14
290	10
355	131
349	18
266	71
358	226
315	14
363	8
288	52
256	26
336	1
307	2
252	104
279	110
307	406
305	220
278	191
319	52
356	238
331	51
384	8
278	102
123	51
273	203
286	148
327	93
305	106
314	114
279	24
264	56
288	111
298	142
327	79
339	401
374	388
290	80
286	120
346	219
348	395
343	7
300	21
384	414
383	173
276	79
377	15
355	393
340	79
346	19
264	203
324	100
320	85
302	420
378	18
345	220
266	81
296	199
300	242
260	136
123	15
338	52
347	5
341	20
381	227
262	183
294	123
337	106
305	24
323	223
327	393
336	8
337	221
334	248
265	56
255	32
356	21
344	158
380	26
296	407
288	143
287	77
383	8
268	70
335	29
355	147
371	46
256	7
339	3
260	11
337	20
342	149
348	80
285	27
272	45
123	18
355	58
326	7
310	34
364	188
310	2
305	32
384	98
351	8
275	112
378	28
299	7
337	19
271	96
310	127
378	93
353	79
313	155
277	399
355	418
260	229
274	225
293	44
266	10
358	20
297	32
279	385
21	99
382	23
355	9
314	79
300	7
311	79
253	166
264	6
286	56
304	140
382	222
277	80
272	122
305	186
304	84
290	79
301	215
81	29
298	113
280	5
327	136
378	79
295	172
379	79
298	99
320	386
377	385
341	183
296	222
357	194
306	400
378	37
383	7
311	420
305	79
283	145
342	121
365	115
323	7
272	84
308	220
373	13
298	177
346	234
335	31
375	64
337	202
305	223
384	227
383	56
298	106
380	117
284	167
271	111
341	29
288	26
264	7
290	25
338	99
352	402
281	245
287	206
305	78
347	180
329	235
300	7
296	19
344	25
383	390
266	192
335	12
266	79
279	23
341	7
313	2
342	397
342	122
309	89
347	45
378	59
300	107
359	37
260	100
332	392
319	12
313	223
275	194
310	79
383	385
315	196
289	48
272	215
298	153
333	122
375	194
377	7
314	29
341	222
81	24
300	7
345	48
347	7
