422
124	216
293	113
382	131
342	7
345	170
286	388
347	7
298	57
379	40
299	18
305	217
362	24
286	79
375	72
290	27
346	206
298	230
307	57
307	225
313	57
289	136
297	79
305	244
304	174
318	27
300	419
331	22
305	401
289	221
310	196
262	7
81	81
290	220
348	24
296	386
304	159
346	14
260	7
254	237
298	7
326	5
256	7
311	106
259	230
337	136
304	179
314	47
355	79
262	7
336	11
314	93
340	23
300	391
340	171
299	79
343	195
278	106
342	79
255	5
355	223
352	192
276	30
308	18
377	93
337	48
352	121
314	236
81	119
374	95
286	412
279	8
297	20
344	222
313	9
296	45
305	7
338	79
260	64
355	179
280	8
347	161
258	101
260	127
338	393
342	200
318	25
347	7
375	395
81	79
309	152
334	7
358	51
270	35
255	237
353	99
296	41
301	155
270	106
335	79
277	57
275	79
349	106
322	158
348	14
304	79
260	66
270	203
310	52
361	70
314	31
291	78
315	227
81	73
342	84
331	5
349	104
314	7
332	106
267	173
336	111
274	223
378	19
336	79
346	27
270	116
358	7
287	53
290	5
380	219
383	418
347	2
345	14
124	106
260	126
305	36
356	6
293	99
377	131
255	83
384	15
264	25
321	7
339	7
273	19
364	238
288	79
261	220
335	226
335	222
342	8
272	53
378	19
336	229
340	129
347	163
380	198
293	138
341	215
271	51
338	56
374	418
382	32
327	40
346	156
256	103
349	102
379	12
285	243
337	23
267	229
266	79
301	79
355	79
323	106
277	93
291	116
298	13
266	157
305	7
275	221
260	71
340	80
347	25
306	93
315	85
336	54
276	8
293	79
279	59
324	221
336	74
294	194
298	57
293	7
384	10
330	136
273	10
355	404
287	2
382	414
266	421
269	11
299	184
309	25
337	411
274	80
290	79
344	56
315	225
345	161
351	231
279	183
380	106
315	385
383	34
250	102
278	249
375	10
356	7
322	112
258	23
21	422
334	415
313	118
304	10
342	40
318	229
311	23
335	130
338	8
379	399
310	120
374	99
270	34
286	151
321	218
299	136
341	184
308	91
264	41
318	9
298	110
328	93
371	22
256	11
309	4
272	166
384	18
376	2
316	233
305	8
347	42
272	204
384	11
274	149
378	222
299	165
372	20
295	193
309	22
373	79
384	391
281	93
333	6
287	142
338	15
300	79
375	105
329	79
276	14
296	25
289	7
314	93
298	79
355	75
310	219
347	79
305	180
260	8
266	16
265	394
298	393
269	81
294	228
278	242
335	101
257	97
304	163
279	237
382	51
310	222
377	80
346	41
358	79
319	417
346	140
356	400
347	6
346	222
384	19
272	51
266	110
337	134
338	59
39	123
381	15
384	99
334	69
299	131
309	231
295	92
344	195
271	144
255	403
379	108
347	84
265	19
301	137
351	76
355	80
378	183
310	405
292	122
300	79
286	16
310	88
356	84
290	87
274	8
264	56
341	421
305	22
340	245
271	123
380	211
384	191
309	45
314	7
293	402
352	24
341	150
292	117
81	20
277	146
280	85
345	127
321	107
272	5
266	219
294	182
310	212
342	77
355	385
333	186
278	420
313	4
336	79
255	111
335	79
314	124
325	7
308	79
383	31
368	99
376	405
305	394
124	7
350	187
296	405
288	193
349	8
379	79
273	18
351	398
335	57
347	111
347	177
272	23
339	81
356	209
334	240
347	219
300	411
327	19
263	136
382	79
346	23
258	104
381	102
321	137
285	121
309	19
377	29
348	393
335	411
276	164
376	56
323	52
300	225
379	5
375	39
300	393
341	34
286	7
256	403
344	188
305	80
352	128
288	393
270	179
288	202
351	169
275	98
298	131
360	389
294	111
279	32
288	36
376	191
311	196
347	7
253	99
324	12
288	79
264	11
310	99
278	7
356	83
320	80
305	8
356	153
337	7
381	81
355	148
384	81
309	13
356	12
319	79
299	3
356	55
272	7
293	146
264	122
290	62
298	79
333	51
290	17
314	80
275	203
349	2
340	51
293	14
379	51
355	80
314	6
345	36
275	79
275	95
267	52
274	99
326	172
347	131
326	68
383	227
312	207
377	37
356	229
284	104
310	86
290	407
276	30
327	223
309	7
315	120
290	93
285	155
272	25
337	194
334	56
280	402
279	136
347	117
305	235
327	61
81	79
286	27
278	242
345	178
251	396
383	214
347	32
319	8
358	137
355	22
370	385
313	14
284	7
338	32
300	25
305	58
345	239
381	7
298	79
266	391
298	53
300	19
356	410
306	225
342	213
289	120
355	1
252	420
290	225
256	222
280	225
344	29
305	5
378	133
375	82
266	162
260	11
275	10
267	27
356	26
279	25
270	139
270	80
347	7
342	29
337	190
294	17
365	183
377	81
311	22
340	219
273	413
352	137
377	85
325	247
348	246
304	239
337	18
320	21
260	43
335	8
272	143
310	199
309	37
304	138
79	226
374	45
381	224
299	85
345	138
278	403
346	106
293	34
346	122
290	40
289	7
275	16
355	397
329	26
266	90
349	79
337	79
293	38
336	19
300	11
341	31
378	89
315	16
352	14
346	106
264	51
322	84
363	113
343	7
367	219
379	48
289	11
378	8
307	160
308	122
325	7
335	145
277	408
347	120
301	8
323	11
313	7
355	7
326	229
341	220
324	106
383	219
303	32
284	8
375	15
378	106
377	7
310	406
382	387
357	228
310	111
301	194
377	122
342	8
279	391
337	106
383	27
302	44
383	93
341	22
374	105
318	11
337	56
305	127
377	114
341	8
273	220
382	29
278	181
309	15
309	167
324	63
301	127
313	162
324	25
308	114
356	33
329	2
348	67
346	50
357	393
289	26
310	131
275	79
256	24
297	79
305	16
285	41
333	110
264	416
300	52
332	83
335	79
335	202
336	122
274	26
347	17
271	96
295	100
336	191
335	10
356	385
351	222
306	223
342	2
334	42
379	44
256	128
379	395
378	143
285	7
384	205
342	7
81	9
288	45
283	34
379	143
347	398
280	100
354	215
347	7
290	392
301	53
350	101
255	388
289	154
341	391
378	6
300	390
356	234
366	106
380	84
334	123
334	206
300	46
337	168
342	185
250	114
305	16
347	45
359	385
305	189
302	95
283	15
342	79
352	79
345	157
264	110
294	391
282	58
348	111
356	135
377	7
369	21
349	7
305	219
309	385
347	28
320	15
307	132
336	57
294	15
393	106
298	79
278	100
300	15
123	409
341	227
344	208
277	64
355	53
347	391
266	107
290	6
338	62
339	93
352	80
298	8
273	81
355	96
287	81
303	409
330	385
258	219
378	79
323	140
338	241
382	176
255	49
276	80
21	248
298	17
355	7
335	8
281	79
337	16
258	415
250	241
332	175
281	389
300	99
317	35
297	7
352	15
378	10
294	93
125	79
384	99
332	210
347	122
336	10
123	166
276	232
256	7
371	93
333	404
383	109
288	81
324	14
125	147
268	80
356	119
315	127
348	227
314	16
374	123
344	183
339	20
377	134
349	6
325	223
371	407
382	60
326	408
123	84
297	110
250	123
81	115
267	96
380	85
305	7
346	20
271	204
276	79
352	28
351	110
298	94
341	29
353	216
234	136
123	96
371	123
314	180
349	26
309	227
382	51
274	65
279	197
287	16
287	27
338	29
275	221
278	141
258	229
124	201
347	80
