422
355	413
375	388
305	385
353	7
337	106
251	19
123	243
308	16
293	30
355	80
306	18
286	199
346	53
348	45
356	79
336	169
346	79
302	8
306	204
305	93
338	244
264	17
305	179
273	157
377	404
348	418
314	25
335	30
356	80
346	7
313	15
384	170
347	94
257	240
124	8
301	202
337	412
337	123
79	11
301	85
384	2
266	114
305	153
354	36
270	29
300	419
349	79
314	7
309	79
305	131
377	8
278	56
290	7
347	7
255	393
294	34
345	409
289	25
346	236
300	8
379	79
322	150
342	7
310	385
318	93
273	120
273	421
297	62
335	122
300	16
308	130
311	15
335	8
258	183
325	96
327	80
351	136
286	225
329	195
332	11
303	81
374	8
344	79
364	27
270	226
345	217
315	22
347	167
347	29
275	134
373	143
382	385
310	405
382	10
383	7
382	249
383	19
381	227
288	111
376	37
376	385
338	93
304	394
260	31
281	8
234	154
327	15
287	7
299	26
271	157
272	64
316	219
314	43
337	102
123	117
309	48
290	110
371	51
347	34
319	406
81	22
301	225
347	23
347	23
347	115
283	107
301	7
337	29
274	40
341	85
304	225
279	219
342	219
293	193
125	239
339	411
269	50
383	20
124	221
337	7
307	59
323	15
293	23
260	56
383	7
260	112
298	7
262	405
323	11
267	198
346	162
356	79
326	84
348	403
334	136
255	12
305	122
305	81
322	182
21	223
338	64
304	35
310	136
341	229
266	40
376	9
356	179
284	7
309	229
347	15
320	138
350	128
313	220
346	6
382	242
336	29
347	219
314	32
380	93
312	135
358	191
355	178
303	79
287	55
384	10
250	416
384	131
81	16
338	219
349	162
274	18
371	68
314	137
290	7
264	15
255	113
279	7
342	10
259	79
375	17
310	136
291	23
278	131
260	183
342	411
347	89
277	106
309	238
265	41
326	16
299	45
378	400
352	241
341	387
298	10
258	221
285	8
381	210
298	86
335	237
327	19
256	16
273	401
344	34
315	17
276	216
124	6
309	79
279	79
274	96
290	79
308	27
351	417
286	120
297	187
278	3
333	13
378	31
347	53
304	93
355	81
374	79
254	232
305	149
383	218
352	396
352	79
378	81
345	408
339	74
357	118
297	122
344	5
301	231
305	7
278	32
295	119
371	143
335	1
333	7
81	108
334	104
305	104
375	8
310	19
298	28
267	84
261	146
362	122
393	393
308	27
299	227
337	231
351	83
286	212
340	385
289	54
318	20
278	140
382	84
352	391
346	202
346	195
294	122
352	219
355	84
278	223
39	99
338	389
379	79
279	185
355	140
355	408
300	226
278	88
297	391
266	133
309	57
275	391
300	58
365	107
288	120
323	106
269	106
301	101
356	8
384	200
315	49
293	96
299	6
384	79
330	92
352	216
382	111
338	16
274	183
333	79
256	7
349	8
305	40
381	225
337	119
311	25
349	208
336	19
342	29
293	161
304	2
309	390
374	143
266	134
260	106
288	79
279	393
286	8
326	110
299	79
270	10
300	14
315	10
256	155
377	80
270	79
290	122
278	7
345	26
309	79
309	69
347	103
347	14
355	7
300	11
335	47
310	2
334	151
274	127
384	186
275	223
376	393
260	96
285	6
271	84
256	181
328	123
377	79
343	190
300	51
356	422
318	138
381	18
338	25
340	67
335	7
305	106
381	33
270	7
332	23
355	6
349	180
334	99
264	80
314	93
309	16
326	191
377	77
338	78
336	5
347	57
352	85
285	225
384	38
340	163
250	7
338	409
377	398
260	123
355	95
287	386
81	104
305	7
355	230
287	79
320	44
264	145
342	235
324	79
334	51
378	247
286	45
340	7
342	19
347	407
342	113
270	91
81	81
275	22
307	7
375	127
278	79
262	99
380	20
286	196
379	99
374	391
287	136
310	80
346	99
333	41
371	56
305	229
378	62
276	51
372	141
383	227
355	110
375	222
341	402
374	222
310	248
297	52
250	123
379	51
380	95
307	121
347	57
375	152
272	221
290	14
275	79
301	215
296	21
292	237
278	106
351	24
321	131
275	11
348	213
321	36
304	174
358	136
260	79
382	90
318	7
378	239
379	403
336	123
378	79
336	166
356	60
378	211
382	7
336	80
345	79
382	85
345	220
341	129
359	57
294	79
321	106
379	196
275	39
336	246
256	15
351	18
367	93
321	20
325	79
271	7
289	93
298	93
295	173
314	11
298	139
336	8
377	146
314	75
284	418
305	34
332	176
255	16
363	179
369	81
273	136
334	114
290	79
252	79
380	15
330	102
347	160
277	147
378	15
289	7
267	215
299	93
343	46
300	27
329	9
289	7
300	177
346	229
346	242
335	225
329	70
341	57
356	394
310	84
356	26
279	222
296	131
284	101
21	79
290	203
310	137
253	8
346	14
293	7
275	25
276	32
260	123
266	209
333	79
266	58
358	81
340	159
282	109
357	392
351	12
276	106
339	219
265	7
272	171
315	127
305	233
349	220
291	11
342	81
384	25
310	24
383	41
300	83
337	2
347	219
313	158
290	7
298	14
356	42
294	223
356	24
288	405
279	204
281	393
267	7
310	8
315	161
356	2
271	127
300	79
298	411
290	165
305	79
81	223
264	72
348	16
296	53
355	4
280	131
349	52
255	221
309	41
266	420
345	45
347	138
258	192
250	80
290	106
298	111
274	11
309	22
256	24
344	56
340	229
335	17
123	106
342	142
338	391
342	76
317	4
298	397
374	124
341	399
352	79
336	391
294	65
346	11
347	32
356	5
342	51
274	83
322	5
331	206
289	398
276	14
266	7
300	9
383	14
377	40
298	19
324	164
264	53
347	101
358	95
287	188
347	37
309	5
344	127
292	116
305	57
123	106
377	79
313	27
289	415
337	148
298	7
288	395
305	193
310	42
332	166
352	6
341	31
275	7
323	97
298	219
355	99
293	22
299	79
327	106
324	99
360	389
309	227
280	205
288	414
379	10
263	420
256	156
310	59
267	407
285	183
304	111
353	7
308	175
341	53
377	155
124	172
319	7
280	7
368	45
307	13
279	57
347	25
324	230
318	106
341	191
272	25
335	421
272	44
313	224
345	228
339	7
295	203
255	80
337	19
298	25
340	111
276	71
314	120
294	189
378	137
344	228
314	105
345	56
270	23
311	51
272	388
296	73
294	32
349	393
280	214
276	20
304	222
342	99
311	110
335	51
266	80
300	237
277	10
349	110
382	79
125	7
302	93
277	14
258	144
375	106
384	34
356	117
355	80
272	245
334	56
299	222
293	114
290	234
324	222
348	137
305	395
285	79
350	5
361	26
378	404
275	403
336	28
305	385
341	81
337	220
379	85
277	27
324	241
268	201
347	8
335	194
290	36
313	22
383	51
379	100
352	98
264	22
266	11
325	61
377	79
313	21
347	194
280	52
319	402
337	79
348	26
336	79
325	111
380	126
384	7
81	168
298	8
326	35
379	99
347	18
288	80
81	87
273	184
355	227
293	52
255	180
279	222
272	48
342	207
298	122
306	79
264	93
293	100
344	63
288	29
379	128
276	415
366	5
258	2
334	27
356	19
256	110
281	66
378	80
294	132
356	105
289	7
377	163
356	15
341	8
335	197
370	100
380	116
296	6
314	12
300	184
337	121
335	229
258	410
331	194
320	8
270	391
355	102
271	206
314	79
315	82
272	99
283	385
