422
346	120
300	391
288	83
293	36
250	75
300	219
358	79
381	102
330	17
359	6
305	135
309	57
384	93
338	206
279	19
263	101
290	44
316	7
261	11
321	5
346	168
280	35
304	203
355	26
345	229
334	103
256	137
252	23
378	18
288	106
358	114
296	110
300	20
341	5
299	8
300	136
336	106
334	217
347	421
353	7
304	96
253	6
279	53
325	122
298	26
287	8
356	127
271	34
363	136
314	80
256	104
380	4
262	7
39	116
383	227
342	79
300	403
308	93
379	93
309	21
319	8
272	186
271	8
266	23
335	196
81	385
337	25
313	136
356	18
346	53
287	209
255	25
276	34
278	405
273	415
299	81
335	7
356	389
334	12
341	222
301	110
258	27
333	3
309	106
298	49
356	18
256	99
336	167
321	241
383	116
264	18
314	391
377	140
347	45
337	57
290	29
337	85
341	152
297	51
289	169
329	7
267	8
258	106
355	7
301	7
332	56
273	24
291	219
360	391
293	60
305	405
384	53
341	7
313	203
345	8
272	15
290	79
258	80
266	67
376	126
266	227
320	99
336	85
276	207
318	136
267	81
340	7
347	79
375	22
308	412
337	79
260	22
281	7
340	79
298	57
298	56
342	10
352	101
336	15
303	79
335	7
383	79
291	29
341	8
280	411
332	7
351	51
343	11
280	180
272	31
342	119
350	157
300	93
355	10
313	395
302	174
347	401
270	395
345	59
349	88
352	93
314	141
279	28
278	79
338	241
379	176
79	192
382	4
308	172
347	64
314	179
299	183
348	397
301	56
365	150
264	15
378	105
346	386
278	7
335	219
374	225
324	211
378	53
323	106
355	389
342	187
318	7
314	7
289	225
278	8
383	106
347	50
352	239
81	232
294	171
300	237
384	79
293	175
315	80
313	122
373	391
347	94
341	394
377	201
294	76
275	202
295	247
288	15
355	71
286	48
375	131
298	137
340	51
325	131
346	179
124	57
347	404
356	7
270	93
327	385
300	400
259	8
355	9
343	7
336	418
333	79
270	113
374	147
338	131
345	25
374	244
272	404
298	81
275	7
301	5
310	25
342	45
290	38
277	7
377	6
329	204
255	161
269	195
308	34
325	15
347	385
347	66
313	15
335	128
377	79
306	202
255	22
275	81
319	190
314	19
380	40
381	79
305	11
317	7
334	2
305	115
355	6
256	79
337	230
314	402
306	61
384	41
348	144
378	8
356	393
278	117
123	27
321	105
294	414
382	65
347	224
309	17
286	215
275	223
300	417
300	19
310	117
288	120
336	223
349	131
318	1
383	220
344	7
279	121
346	182
351	191
356	231
298	7
327	96
352	14
274	101
125	388
356	127
274	183
342	106
344	8
347	58
339	36
342	99
123	20
371	215
346	80
336	225
310	81
349	106
319	193
310	7
272	100
335	225
347	45
293	239
289	79
355	95
367	46
290	242
266	5
383	79
305	40
279	80
384	160
339	8
274	35
378	406
379	204
351	79
335	11
288	183
260	14
383	91
371	109
380	79
297	14
304	137
383	93
345	80
377	127
284	30
255	90
304	79
81	79
355	107
368	56
352	113
284	25
314	7
255	154
277	191
289	7
293	111
336	411
326	79
382	153
346	7
266	184
384	231
348	110
301	86
324	15
351	140
313	69
305	173
344	14
260	84
305	28
267	8
315	16
272	210
344	185
356	415
255	421
275	47
299	194
372	19
336	399
299	29
377	84
347	7
270	146
326	96
342	93
250	2
124	14
313	7
342	148
279	79
381	155
264	48
275	216
260	162
379	5
323	410
298	228
315	9
290	36
256	14
344	393
326	100
374	19
125	99
355	123
256	219
297	22
266	10
290	422
311	189
384	5
264	99
279	52
310	79
305	216
281	80
304	93
267	40
334	391
346	25
301	128
273	385
377	93
347	170
335	57
276	111
278	11
81	45
338	223
293	110
281	9
298	225
285	122
345	221
371	107
271	7
256	122
355	388
347	32
307	188
287	219
340	129
357	158
345	8
284	10
337	24
299	194
272	134
374	26
280	220
340	136
308	138
274	238
305	79
297	79
266	228
294	110
348	30
337	234
311	163
347	243
347	25
352	124
266	12
356	7
379	19
269	99
352	114
381	79
275	85
309	420
81	78
335	16
270	2
309	149
310	7
81	205
393	166
293	132
298	237
270	68
357	81
260	392
339	57
332	181
301	198
304	407
258	225
287	7
369	6
311	102
380	29
307	27
379	123
290	106
331	106
356	393
305	16
320	193
267	29
280	51
256	25
286	199
260	183
322	385
289	32
254	137
342	111
378	402
335	213
339	10
356	123
124	222
276	138
250	10
262	62
377	408
347	99
338	393
305	27
300	220
375	222
288	57
307	26
384	13
335	219
304	123
318	133
378	11
314	11
309	142
279	26
378	222
382	130
123	99
334	23
277	114
347	240
376	7
341	22
276	7
300	51
379	15
309	118
277	8
276	138
296	191
335	393
258	41
287	45
294	164
337	18
283	119
270	14
285	246
294	79
356	403
347	394
289	136
333	121
260	11
335	22
255	127
314	79
355	111
290	51
321	8
305	52
376	385
285	106
382	220
356	27
332	79
338	32
314	106
290	221
337	387
298	79
338	56
287	7
81	123
277	106
305	227
364	51
260	79
303	32
300	403
352	81
306	102
300	80
347	97
234	96
309	84
298	120
274	411
338	2
355	43
337	55
348	106
328	95
358	218
362	32
361	229
351	2
375	390
333	398
311	37
279	120
375	416
377	196
355	11
382	24
283	229
349	122
334	409
290	111
374	73
309	145
342	233
384	23
342	79
330	391
274	143
378	81
351	151
349	79
379	85
286	22
324	79
356	222
371	139
275	7
278	10
278	2
307	100
349	41
349	84
296	219
350	80
333	112
314	161
366	249
315	235
310	79
289	19
341	396
305	17
329	79
340	79
338	226
309	14
292	212
124	8
258	19
286	106
378	245
297	227
383	80
299	206
268	79
322	54
315	53
353	98
298	17
348	219
273	29
358	221
346	42
342	122
320	74
305	166
293	79
290	7
342	19
347	184
379	95
315	25
274	405
347	79
341	407
305	92
273	237
309	208
380	214
341	178
348	20
272	21
377	12
302	85
379	10
327	8
276	15
346	58
377	385
288	79
338	79
296	223
381	70
273	5
21	6
304	131
312	80
271	20
309	7
327	7
270	219
380	177
384	222
250	87
352	143
325	194
355	223
382	40
310	248
309	27
370	16
336	82
265	195
354	79
324	16
349	108
331	420
300	42
315	16
286	81
322	39
260	122
293	179
275	80
310	77
352	229
294	7
326	16
276	157
288	226
356	222
285	229
272	8
292	7
318	229
296	44
347	79
305	23
378	143
264	79
299	127
382	24
310	391
340	99
305	83
289	104
324	7
337	15
355	84
293	180
347	156
298	31
341	159
334	7
324	79
266	413
382	83
264	99
264	165
294	63
323	7
81	163
305	33
346	155
298	419
337	134
265	408
355	23
336	79
382	409
344	16
282	41
376	418
295	131
305	56
378	62
286	64
375	59
271	34
337	16
257	20
310	393
305	31
285	51
278	93
310	13
344	242
335	230
278	27
347	11
275	162
377	72
345	52
295	398
345	236
21	111
310	227
298	146
264	136
326	221
356	80
310	110
337	104
323	51
251	37
266	34
384	6
379	84
290	200
123	93
341	197
346	52
336	89
349	7
375	123
