422
324	57
382	7
263	184
256	15
314	16
336	25
384	422
383	7
378	46
303	80
281	47
279	403
355	19
379	57
278	393
299	222
338	79
253	84
310	7
270	155
342	7
319	83
255	2
369	84
290	116
294	237
352	27
288	34
21	170
123	18
305	10
290	7
376	74
335	219
318	10
352	156
260	40
344	2
298	51
266	393
375	42
331	79
376	122
380	19
275	28
308	223
276	106
124	136
347	168
374	25
21	226
304	27
380	62
376	5
341	110
309	106
377	10
337	185
314	31
267	14
280	34
305	104
314	79
355	7
348	51
336	8
270	52
384	31
313	6
301	227
266	127
367	93
286	67
356	409
370	17
345	51
298	79
305	399
341	192
360	25
373	123
297	123
314	129
272	99
281	60
379	222
382	7
309	89
298	85
255	165
280	240
347	15
334	123
272	411
274	79
256	223
377	95
39	157
258	8
302	111
287	36
349	44
276	99
272	32
327	27
272	53
314	405
336	106
332	80
296	17
308	101
298	17
275	34
384	402
358	64
349	7
300	1
310	184
293	177
342	93
300	42
264	122
299	391
312	84
336	196
275	96
383	8
255	119
314	220
304	210
377	59
297	229
277	179
286	14
266	118
301	171
334	59
335	134
355	102
297	6
278	7
298	393
368	64
275	11
337	385
278	79
291	114
378	2
356	22
338	139
380	79
305	415
306	62
381	188
305	79
81	30
342	159
316	8
358	80
346	385
298	26
317	225
289	233
271	221
318	9
382	245
374	106
348	140
347	7
325	79
345	113
309	398
352	393
372	25
345	85
292	51
352	15
274	20
299	385
339	53
335	7
309	40
310	52
272	49
319	136
382	28
277	248
290	79
337	7
294	120
325	106
341	127
355	14
338	7
273	79
356	222
296	415
280	8
286	95
301	225
349	51
311	237
355	121
290	401
344	137
345	56
375	194
356	207
294	21
352	7
290	56
355	70
276	85
254	412
341	16
305	30
333	183
347	420
255	80
300	175
270	191
324	400
381	197
256	187
301	25
380	8
341	126
338	181
334	221
266	19
342	55
260	15
125	29
356	8
341	7
326	8
260	133
377	230
260	41
301	111
379	7
296	215
294	216
320	131
351	219
313	81
354	180
81	5
347	79
342	19
375	32
315	142
304	58
348	227
339	385
359	396
298	36
267	411
336	2
304	389
300	66
362	85
304	93
357	206
273	403
271	8
303	180
352	222
347	24
382	20
337	102
327	81
304	137
349	73
384	22
294	48
355	136
279	104
293	204
310	195
250	11
314	104
343	403
298	2
326	117
346	134
321	79
374	19
358	222
286	32
343	131
81	166
345	388
310	101
334	411
290	4
356	7
299	5
276	80
314	148
264	11
315	26
335	12
81	158
365	79
272	223
260	29
349	99
378	22
291	157
310	7
336	15
350	219
356	208
344	137
330	19
379	79
300	7
329	99
296	162
299	111
335	219
81	391
346	6
264	8
250	10
305	116
380	120
267	24
256	407
336	421
300	17
347	38
344	27
346	106
297	7
310	19
293	77
266	8
347	99
347	57
300	136
337	16
347	99
255	174
378	228
318	407
383	137
335	219
309	95
377	7
377	183
371	23
293	24
383	53
347	385
296	149
381	189
315	136
356	6
275	236
274	193
321	136
375	385
266	79
355	57
260	13
348	106
383	35
278	7
341	9
326	392
347	222
379	169
266	100
310	22
258	68
293	29
267	87
332	179
298	7
366	79
377	128
346	80
289	7
288	110
340	90
280	106
267	141
340	417
381	122
273	7
270	81
341	81
347	80
326	11
379	8
337	209
346	219
265	96
270	394
289	79
355	391
299	202
309	48
305	79
327	231
347	221
321	229
286	111
290	79
340	194
340	99
309	7
342	191
327	190
377	5
314	103
324	12
364	167
384	8
298	101
375	122
348	15
337	138
281	217
277	11
355	152
300	56
306	29
384	8
278	23
123	79
288	25
293	2
340	196
322	106
258	23
315	154
371	408
341	225
275	8
257	114
348	79
346	5
305	94
313	79
125	122
374	7
278	45
311	14
290	219
250	93
342	136
264	124
290	51
324	163
335	7
374	39
295	41
379	10
351	79
335	127
338	14
314	18
375	11
287	72
279	25
288	56
378	79
311	162
305	93
277	7
323	32
309	79
258	391
79	131
300	220
355	23
272	51
338	34
325	40
345	406
273	115
305	83
272	100
344	85
309	166
346	206
304	229
337	183
346	45
338	409
262	160
256	195
355	106
341	79
351	7
269	7
355	41
305	143
313	79
374	146
378	247
292	110
382	7
333	35
273	93
300	26
320	11
293	52
261	227
285	51
323	194
264	404
290	79
336	106
378	143
300	98
310	231
298	5
347	227
382	79
271	183
276	144
264	106
285	229
379	100
278	79
349	164
285	394
289	199
258	93
356	161
347	398
355	7
300	7
335	43
333	27
352	7
355	420
308	212
357	242
289	172
318	232
288	7
329	7
349	216
271	243
279	37
356	57
384	40
290	204
381	230
334	418
123	120
288	51
309	7
313	16
356	391
356	127
310	93
308	27
338	80
336	80
335	225
266	7
353	15
330	389
309	161
334	6
342	203
356	5
264	107
251	23
313	8
270	117
347	41
264	25
382	93
356	227
334	15
361	54
280	79
342	138
375	153
337	111
352	24
384	26
340	391
293	79
270	99
344	405
287	145
347	397
371	81
298	52
259	213
300	79
349	214
274	19
331	219
336	81
377	18
345	122
384	96
335	79
379	201
307	3
378	6
124	191
282	120
287	242
295	202
252	218
286	63
293	14
342	131
380	79
383	418
294	22
384	211
335	387
323	8
275	105
310	225
278	79
288	147
284	221
378	226
279	391
265	88
123	110
329	106
276	408
273	246
347	193
279	45
305	237
306	421
255	22
309	79
285	93
346	92
324	44
336	135
313	220
341	146
299	16
305	10
302	108
371	138
287	388
275	390
305	223
378	84
300	16
307	107
324	79
379	123
279	36
347	205
309	56
378	18
352	79
255	404
335	96
256	219
234	11
358	79
301	7
342	79
333	13
256	19
305	32
335	155
301	402
350	119
346	419
275	75
341	416
377	220
351	9
346	150
266	7
347	11
326	410
295	20
356	131
342	97
310	393
328	102
377	15
271	140
356	79
81	225
310	200
337	84
393	81
315	106
284	76
305	80
377	222
322	57
298	14
379	123
275	82
274	173
279	229
274	61
250	386
333	58
297	114
276	244
260	163
307	132
349	57
355	6
345	123
334	7
283	99
286	4
298	176
347	109
294	18
307	179
289	241
332	223
383	83
339	45
305	16
278	249
382	127
337	65
336	45
300	8
347	71
337	228
279	80
308	69
270	111
314	80
352	110
262	113
321	203
318	31
311	385
346	27
298	81
347	16
269	91
256	414
290	234
278	79
338	84
344	151
266	130
274	239
351	34
260	53
347	198
81	238
342	16
287	121
289	15
310	105
323	393
289	131
339	78
363	395
260	22
337	56
342	224
293	106
304	182
325	10
378	79
288	79
347	50
283	12
305	7
376	53
305	235
124	143
337	178
285	23
268	93
81	239
258	7
277	99
124	20
314	229
322	128
332	21
338	79
290	11
298	81
315	186
309	413
276	14
284	405
382	215
320	241
353	25
384	110
383	122
319	8
272	395
355	29
294	20
383	86
347	80
299	37
345	112
305	33
315	29
351	26
356	10
348	93
340	7
