422
337	115
383	226
357	7
278	98
291	57
309	121
341	81
274	140
345	81
340	43
304	166
314	143
294	79
380	7
264	57
321	233
380	111
289	30
375	71
378	231
285	63
283	25
349	87
347	70
123	7
335	93
298	7
319	106
375	6
347	131
344	93
270	389
333	414
307	136
310	25
256	99
334	222
290	16
268	19
314	7
81	118
298	31
279	194
325	391
330	45
347	135
297	62
341	8
347	143
273	225
276	235
314	226
309	164
341	7
278	220
337	80
336	119
317	26
353	20
304	391
255	220
345	8
349	110
304	239
347	129
340	25
258	15
320	245
342	205
309	16
352	144
342	106
382	108
301	79
375	6
301	62
124	8
264	94
261	151
352	162
251	136
278	124
270	136
300	408
332	149
276	7
382	79
340	16
302	390
311	5
323	228
319	25
346	7
300	5
384	409
293	410
315	80
335	114
266	18
271	56
279	99
309	237
269	109
342	93
123	7
350	45
355	58
378	153
271	241
377	123
332	49
345	101
289	27
384	140
279	415
355	391
299	79
327	6
314	220
347	110
347	79
344	19
279	101
278	33
308	36
309	219
269	111
352	96
338	136
310	231
342	79
257	27
290	406
343	222
264	17
313	119
79	16
333	22
264	7
280	393
315	39
358	51
264	29
266	7
347	403
384	394
298	14
299	8
336	79
309	7
276	8
314	30
316	93
314	51
313	386
341	7
305	8
292	82
348	248
323	106
383	29
262	7
378	99
384	407
381	178
275	99
336	219
341	14
287	249
258	7
272	230
299	238
347	197
339	81
375	405
313	22
309	15
279	56
254	126
260	7
272	7
380	14
264	393
286	155
260	7
368	20
305	65
376	2
377	23
342	23
276	127
306	8
341	96
277	106
297	93
359	100
324	79
285	2
334	51
326	84
320	146
278	32
326	131
356	79
255	15
124	225
288	9
379	106
296	10
21	7
252	52
342	90
286	138
273	413
266	7
374	222
278	14
286	227
298	79
365	79
363	122
289	25
310	19
294	79
255	28
318	223
336	222
330	393
300	8
275	34
299	407
290	222
305	10
290	110
380	121
377	195
310	59
289	26
284	79
255	66
378	55
341	7
326	123
335	152
355	194
378	11
371	22
310	163
272	106
287	179
234	402
305	24
337	16
274	2
306	28
300	221
21	23
378	79
310	7
344	422
123	16
357	34
298	183
334	21
371	12
377	79
311	131
291	395
326	101
81	120
346	223
379	20
274	209
81	11
256	38
338	215
355	32
353	18
300	111
287	48
290	104
340	167
289	120
336	31
39	9
278	224
340	42
336	7
346	385
347	421
299	155
274	187
272	15
250	110
259	95
346	12
384	14
337	25
352	52
342	41
333	79
379	114
324	67
301	8
356	64
349	41
375	179
344	113
267	10
349	7
335	412
287	117
334	229
255	40
260	44
383	10
266	8
352	51
309	208
381	11
328	13
347	51
314	25
347	122
300	7
271	79
352	77
344	404
347	105
305	389
266	93
279	41
314	123
375	4
81	83
312	123
290	96
346	191
337	100
382	106
310	93
293	10
355	91
295	19
260	11
324	417
294	211
371	220
272	227
299	136
382	79
307	23
384	219
325	230
379	7
325	2
322	134
342	85
300	106
275	388
265	106
377	172
342	114
304	212
367	79
272	23
306	53
344	229
290	150
321	80
347	213
258	168
277	143
260	92
295	45
305	6
336	229
288	111
256	15
380	127
286	7
342	24
337	79
342	210
335	81
314	232
326	7
308	7
264	159
304	219
278	184
297	137
296	25
296	79
356	83
270	243
347	234
281	17
321	37
347	127
356	217
335	112
275	138
347	80
335	80
305	26
298	79
338	84
382	35
260	56
341	93
285	51
305	75
315	19
331	188
352	244
374	415
287	391
275	106
355	85
347	403
338	215
289	76
377	56
284	123
339	116
305	45
304	80
345	7
279	416
345	127
355	58
256	46
308	204
279	136
348	8
332	177
307	17
276	195
347	418
276	399
341	206
297	34
382	29
333	225
318	97
275	106
379	15
294	103
341	84
298	16
124	229
250	79
351	200
280	157
314	110
271	29
286	180
351	53
341	18
345	23
349	7
338	105
325	237
310	111
286	99
310	80
324	51
379	79
335	11
298	132
334	161
277	40
309	183
356	419
309	40
311	11
340	214
275	394
81	22
347	42
378	106
292	53
348	79
374	7
356	104
267	223
278	171
356	202
351	3
381	8
271	204
355	145
335	79
305	133
381	127
327	57
305	12
256	19
299	6
267	7
347	411
284	196
274	24
352	139
347	7
266	237
393	7
345	11
303	193
349	6
282	106
300	403
379	80
339	25
379	19
253	247
358	50
347	196
358	81
295	99
356	186
378	7
301	123
336	86
342	16
280	99
256	385
298	88
275	34
264	189
355	396
358	81
350	236
333	79
336	222
337	185
337	8
336	9
338	5
355	181
313	160
342	79
250	387
361	20
256	7
290	398
293	128
300	100
345	7
334	194
280	229
309	53
383	4
287	395
373	142
305	36
304	52
123	179
310	120
322	5
335	221
285	68
310	392
125	26
313	117
276	69
293	122
338	8
298	104
347	102
318	89
266	203
270	15
370	79
384	137
347	7
321	8
290	131
384	79
309	216
329	10
327	207
315	57
383	53
273	173
294	138
379	420
314	221
378	122
377	223
310	93
294	14
351	79
336	420
298	11
308	93
315	19
352	154
267	388
335	54
346	137
356	136
355	116
263	157
298	80
289	102
383	41
337	397
341	79
377	85
352	1
301	11
278	81
355	79
273	227
296	7
354	221
356	162
331	79
300	385
275	106
305	131
381	31
377	84
318	27
335	174
351	242
272	391
355	199
255	80
298	203
337	219
337	99
379	79
360	218
362	148
376	5
281	408
260	26
382	95
348	137
293	183
305	61
288	219
310	385
318	44
285	5
348	113
275	84
270	225
346	48
313	24
300	7
288	93
322	7
356	156
299	225
384	59
315	51
305	141
305	227
288	22
349	170
276	18
250	239
364	409
338	411
270	57
300	246
356	225
301	107
383	191
260	8
323	161
258	219
349	7
377	421
340	183
371	191
305	134
339	8
355	40
293	64
300	57
378	21
290	79
296	405
289	22
301	83
286	241
378	165
338	404
290	393
346	2
298	27
125	242
342	11
270	84
329	15
314	110
345	22
346	240
347	201
375	219
338	79
293	227
334	102
374	229
346	122
343	79
273	206
382	79
337	180
313	398
303	29
304	120
266	47
324	393
335	73
307	193
369	400
265	81
305	57
300	32
382	32
302	222
348	146
356	52
346	96
258	32
336	147
383	45
279	79
383	385
260	79
288	391
274	56
315	79
283	128
266	166
349	131
309	79
351	81
374	99
319	401
308	418
356	13
346	79
344	7
272	106
382	385
335	14
380	93
274	78
298	72
81	29
337	175
356	15
355	405
384	163
320	6
81	198
305	10
376	85
356	14
290	60
384	190
355	107
81	99
277	85
377	219
300	16
305	95
323	8
378	391
376	79
297	27
281	7
327	202
347	158
374	79
305	35
267	8
272	176
270	36
377	393
298	5
311	169
294	79
255	80
266	56
280	37
124	2
372	122
293	20
294	17
356	80
288	402
288	34
262	184
379	10
332	19
273	111
258	74
293	15
256	27
324	27
348	51
355	223
277	385
293	80
337	411
366	122
310	18
346	130
329	192
334	182
309	228
290	216
