422
313	223
81	79
294	52
272	215
347	93
315	7
252	57
337	99
298	49
295	110
310	37
260	247
330	6
348	123
383	41
356	8
332	195
349	19
281	8
375	80
79	79
308	237
314	84
302	34
278	111
354	8
347	395
342	133
347	19
271	7
378	223
347	14
289	142
377	191
346	7
300	84
374	167
336	222
293	228
250	34
348	248
356	108
380	2
355	77
271	405
309	7
355	7
374	42
321	417
322	7
313	143
342	408
275	219
347	40
290	80
344	102
382	221
273	68
336	122
294	79
338	80
290	137
336	7
300	237
350	17
266	227
346	101
270	8
279	31
300	79
323	226
272	7
335	244
337	7
346	23
326	202
352	109
276	220
335	50
298	220
264	48
294	40
356	15
340	79
275	187
347	20
81	59
345	243
276	34
347	194
335	45
366	103
313	219
364	86
124	123
302	389
324	15
379	79
287	146
286	9
358	81
332	131
375	162
310	76
337	105
318	93
377	225
305	183
381	43
289	134
346	81
340	53
300	7
276	420
334	72
352	19
352	412
348	386
280	87
328	15
275	165
279	138
259	79
319	393
375	7
345	15
355	405
305	12
352	237
333	184
305	241
360	402
305	106
323	136
290	97
311	2
348	122
274	79
258	221
298	99
258	79
297	177
234	81
260	231
355	7
298	16
272	3
337	393
315	398
377	138
269	136
338	104
284	114
339	5
308	14
288	51
124	106
342	385
309	15
378	17
266	30
275	131
290	66
333	131
313	79
265	23
376	79
336	79
342	193
298	411
279	246
276	8
327	58
349	93
292	7
382	22
294	18
347	219
337	16
308	111
339	27
285	229
359	73
299	143
378	196
335	79
274	56
314	116
336	132
256	135
384	122
329	5
288	79
382	26
382	188
307	61
281	225
309	141
377	29
377	8
345	215
344	198
296	31
270	219
384	174
332	203
357	79
123	6
256	13
286	2
327	179
314	223
310	414
276	421
352	83
378	112
260	127
383	27
276	175
380	26
309	218
298	6
301	85
306	7
341	23
284	159
314	14
325	116
352	2
279	5
311	85
355	8
282	98
337	7
355	11
369	7
355	6
384	81
297	127
279	5
264	120
292	166
285	8
336	123
346	35
336	206
316	20
309	52
296	245
266	12
377	7
337	84
378	173
345	186
355	79
293	104
81	189
347	82
250	107
321	136
254	19
378	75
305	79
305	11
278	123
301	394
384	106
322	40
347	180
262	40
309	23
256	2
368	122
338	166
309	36
256	145
367	119
81	79
266	242
338	121
309	99
341	191
309	79
256	57
275	403
383	249
393	39
324	45
260	81
293	120
382	111
123	53
358	224
323	123
365	64
287	29
315	56
378	48
324	11
283	18
287	8
330	62
280	53
320	399
299	242
307	44
310	52
341	180
335	158
286	32
350	79
353	214
305	156
355	8
81	67
343	115
384	151
255	111
267	7
123	79
376	95
304	16
337	220
346	234
300	78
333	110
325	51
341	32
345	57
309	57
346	79
340	137
355	110
264	56
280	391
335	222
275	182
299	107
351	122
339	396
300	13
258	32
278	2
331	17
305	8
342	211
294	192
81	114
355	221
343	131
290	238
305	100
344	411
266	183
384	25
334	207
272	403
340	117
314	225
311	419
268	79
329	106
349	416
377	415
336	157
305	18
323	7
347	216
266	79
298	8
347	127
270	385
305	123
304	69
380	10
378	7
318	9
317	155
356	6
304	7
377	162
383	26
380	176
260	56
255	10
256	143
300	213
299	79
319	79
337	7
266	226
274	96
272	147
344	136
380	51
290	57
342	5
336	137
260	124
335	415
374	7
273	410
363	225
286	26
299	56
289	102
347	34
293	219
358	85
272	80
379	80
125	391
293	16
384	149
373	21
383	51
264	16
304	74
355	92
310	16
296	161
270	79
255	409
287	79
298	20
314	96
310	233
298	418
278	93
310	131
288	239
125	408
356	5
300	36
356	79
371	7
288	225
265	230
383	144
355	127
297	140
264	7
344	118
325	83
378	27
334	227
300	52
334	18
263	388
298	222
374	93
298	106
256	6
285	168
124	391
273	110
347	4
310	25
270	229
345	219
336	407
351	136
287	23
306	8
253	31
312	42
358	407
293	119
313	33
274	51
39	105
293	395
305	100
338	8
333	163
296	7
271	164
274	26
347	393
338	95
81	106
379	222
255	6
288	222
258	7
315	11
356	11
285	14
305	122
355	411
335	7
279	131
344	10
289	93
349	93
349	100
379	28
298	53
352	51
260	136
314	79
315	106
381	71
264	169
270	7
286	7
371	231
267	409
334	113
341	22
290	221
298	24
294	8
271	28
301	79
377	93
313	96
381	194
347	4
370	406
375	32
278	22
281	398
326	202
379	106
355	7
339	385
314	150
310	7
273	117
352	79
383	220
308	20
277	222
21	229
338	179
382	184
290	25
342	25
270	7
270	9
348	110
294	29
384	404
289	206
361	114
319	1
300	22
356	65
337	111
300	79
255	8
304	63
342	236
341	121
351	209
307	196
295	8
297	227
309	385
375	15
293	137
288	79
296	94
348	81
303	239
305	219
258	389
272	25
353	170
346	29
304	55
324	393
345	80
347	99
298	85
382	93
377	102
352	136
340	81
349	27
337	393
124	191
337	204
327	229
267	392
291	10
313	85
286	402
262	193
356	7
310	10
380	79
383	25
275	20
288	79
352	99
349	120
371	101
81	391
276	7
375	229
277	16
338	161
280	210
344	106
305	397
258	25
335	10
269	394
377	84
315	11
260	391
381	21
345	34
284	90
264	400
311	7
378	79
379	44
336	240
267	19
351	155
266	420
379	194
289	140
332	8
382	385
338	84
341	387
277	413
305	47
271	219
320	204
345	54
356	10
308	11
351	51
335	7
341	80
290	8
300	99
314	241
283	30
305	195
335	130
310	53
321	57
277	229
322	10
273	134
378	106
376	17
338	58
280	178
341	12
342	91
356	129
303	179
347	385
301	15
294	79
320	7
341	219
347	7
300	79
384	79
293	70
356	201
288	101
279	24
341	185
21	106
349	128
346	29
347	171
382	15
290	89
346	110
277	212
356	14
335	62
326	7
255	7
372	45
267	104
374	80
278	99
278	80
342	157
299	93
298	7
342	18
384	27
309	120
300	153
376	46
383	126
306	79
285	99
349	106
346	22
356	190
381	223
327	84
301	390
304	401
310	96
299	19
305	181
336	56
289	5
310	111
331	38
335	223
356	200
278	106
266	391
346	81
340	208
379	93
356	14
318	183
278	160
335	95
305	148
377	163
287	183
355	127
309	88
300	64
264	217
301	7
261	79
290	122
342	81
255	16
356	79
299	24
329	14
347	36
274	393
379	106
307	45
310	57
346	422
305	14
257	15
305	230
250	22
347	41
274	235
314	19
315	80
297	51
314	225
298	138
321	15
340	421
260	11
272	232
334	11
314	79
290	128
379	99
334	16
334	35
275	228
375	404
347	197
382	45
304	29
362	418
379	227
250	391
347	25
275	146
318	152
341	113
337	139
291	80
293	22
384	79
326	23
251	80
275	80
256	106
276	32
324	227
123	19
347	83
324	7
318	24
374	51
342	154
326	203
309	59
279	385
266	79
378	99
351	93
355	403
290	19
278	41
279	37
301	60
348	11
286	7
337	25
295	222
273	79
371	41
333	216
347	27
342	172
325	388
357	405
289	205
347	27
272	199
