422
267	14
256	53
264	10
283	222
393	74
294	15
383	53
342	8
274	7
353	189
300	110
347	7
325	15
336	95
314	93
297	13
313	8
285	198
317	407
323	225
280	149
347	92
347	408
377	106
301	95
299	398
280	107
279	25
295	123
347	122
356	111
380	415
270	99
309	79
335	151
347	15
350	201
255	17
305	146
261	239
355	138
266	113
338	27
337	42
266	16
310	219
355	102
364	53
356	101
287	28
338	226
301	249
375	150
272	7
344	219
306	106
347	403
305	66
380	131
297	127
352	80
340	45
378	114
293	111
276	14
344	391
346	134
347	53
336	248
331	79
377	181
356	412
380	219
298	15
293	30
319	225
346	141
314	229
345	6
281	232
291	105
379	79
377	56
355	5
339	157
276	7
309	79
356	85
339	27
289	105
301	127
382	140
276	45
384	7
374	136
376	83
305	8
336	127
288	79
342	222
310	8
337	188
300	227
293	56
81	7
355	385
266	79
326	233
349	55
347	170
269	8
335	72
260	25
262	7
300	8
342	119
338	64
333	80
349	230
266	11
381	183
124	157
259	194
356	27
341	79
345	404
380	179
335	174
298	19
358	83
341	10
327	11
375	19
355	79
376	385
356	223
278	7
304	5
297	173
274	7
286	99
347	162
337	176
290	31
270	24
347	209
258	36
125	6
298	51
356	85
275	111
293	203
310	10
279	128
258	147
266	129
272	35
274	93
305	117
379	8
347	137
290	162
340	34
264	136
305	52
300	244
347	12
377	185
267	10
338	391
309	7
342	56
363	85
279	219
329	29
305	51
384	403
302	25
81	106
340	29
314	393
298	79
276	195
305	418
272	227
124	79
270	161
382	79
355	80
379	18
374	393
301	2
378	52
314	26
315	100
371	80
355	57
275	79
336	106
349	81
335	25
306	8
270	64
270	16
311	14
256	84
309	5
267	7
336	21
352	37
266	106
234	8
280	79
307	10
341	136
280	81
337	93
382	386
342	393
301	26
304	229
272	17
352	41
356	242
377	120
278	216
305	23
351	124
123	229
308	221
310	7
304	127
294	1
347	83
298	57
337	27
349	96
286	5
304	229
290	7
347	183
281	34
336	247
380	416
293	93
278	167
341	16
377	80
356	29
296	177
338	175
342	12
81	155
356	51
285	219
383	54
305	79
316	79
275	246
313	225
344	102
384	7
257	179
278	122
308	391
345	235
272	394
327	227
378	120
333	10
335	99
293	100
341	166
322	136
81	71
309	389
289	21
384	81
309	402
379	220
298	23
337	221
356	79
336	390
301	79
298	80
284	191
272	205
296	58
287	156
270	11
378	387
336	23
256	229
348	219
351	391
340	182
340	389
311	26
288	421
341	142
347	22
342	106
275	119
326	155
123	94
251	14
338	136
289	32
357	42
383	403
378	385
273	79
367	11
371	111
123	104
286	196
325	8
124	6
290	84
342	65
321	19
290	80
383	25
298	67
286	7
323	48
384	79
325	91
358	417
323	16
286	130
342	12
362	7
334	143
376	103
379	60
352	36
338	99
294	106
264	20
274	8
342	7
294	5
291	79
252	40
318	80
305	77
347	61
310	146
383	193
334	138
340	68
266	191
277	131
378	31
329	214
384	96
368	16
288	7
282	59
335	79
295	202
375	418
289	106
260	79
336	120
377	172
298	79
275	184
277	14
341	40
346	93
300	419
337	136
310	49
256	420
355	17
357	122
314	29
290	143
347	27
382	123
256	131
333	7
307	393
308	208
309	109
276	164
290	6
272	22
275	44
324	194
264	101
355	140
330	15
313	104
299	7
284	79
305	41
287	405
314	79
356	22
310	110
318	93
310	7
375	106
366	211
380	215
250	420
382	4
339	116
301	11
278	223
356	219
313	192
345	7
266	25
347	30
278	107
81	51
373	50
348	180
255	79
324	22
309	8
258	194
355	8
294	16
21	7
326	7
268	32
335	408
348	137
306	385
260	219
321	229
324	399
272	89
303	18
302	106
265	171
337	10
264	57
287	227
383	7
333	145
321	99
298	23
289	106
371	29
304	17
346	206
347	51
309	53
348	99
334	38
270	81
356	202
332	245
378	80
346	14
334	84
276	15
340	204
305	8
292	137
277	237
346	79
355	204
384	8
324	120
335	51
377	143
347	385
378	241
335	24
329	411
295	10
331	106
300	114
341	400
359	388
326	422
324	137
356	20
305	7
298	199
287	196
381	27
374	22
352	415
382	7
319	2
290	11
278	62
300	79
345	237
371	23
382	402
294	51
338	85
325	31
346	84
348	15
278	212
288	15
256	7
347	122
300	218
279	79
286	81
263	7
267	45
335	7
327	84
375	39
379	407
355	158
369	106
346	110
293	112
305	41
377	25
326	118
305	128
352	215
354	48
372	153
334	58
283	184
81	52
320	45
273	26
271	95
260	79
341	221
305	225
309	7
345	96
341	84
379	79
344	22
264	242
377	80
309	6
298	7
355	401
312	11
299	79
351	2
290	19
318	79
273	220
297	11
279	79
300	9
327	111
304	123
279	41
310	18
264	79
378	2
255	32
255	97
39	102
272	79
355	14
384	40
345	18
278	35
275	393
378	116
289	7
374	15
334	163
299	154
125	391
375	80
256	29
343	160
342	51
260	168
299	163
382	411
348	165
279	180
308	78
289	220
289	69
290	8
288	393
375	5
311	98
81	133
258	217
347	99
304	93
277	85
281	395
379	82
318	230
293	388
356	75
286	406
358	7
346	398
314	6
299	385
315	7
383	139
274	32
260	99
256	161
337	243
300	99
298	238
309	7
314	7
335	79
271	136
270	79
277	90
344	81
300	19
258	79
342	222
378	25
353	206
332	197
300	132
315	87
320	193
260	57
276	135
314	63
342	56
352	240
288	148
336	104
338	34
314	24
381	222
355	101
346	62
337	183
290	190
384	113
296	413
374	7
123	8
347	239
343	228
311	2
262	213
322	152
307	57
250	57
379	396
323	3
313	225
319	131
352	397
339	79
260	385
300	159
360	7
310	81
79	122
305	122
333	226
330	131
280	4
349	220
379	19
342	222
267	19
347	414
273	99
314	14
296	70
341	79
265	134
370	241
377	56
287	13
356	216
21	234
305	223
285	144
361	231
292	191
347	28
349	210
298	11
285	127
378	115
337	166
365	20
307	237
328	200
273	183
310	9
314	7
332	123
345	15
276	395
309	187
298	203
347	24
335	7
344	123
334	121
382	228
273	126
271	405
348	222
255	5
351	37
337	394
334	80
337	47
299	16
271	111
315	169
379	26
346	59
305	195
384	56
266	7
384	25
254	51
321	7
349	52
352	79
349	79
285	46
296	44
290	93
275	227
355	410
315	79
253	391
81	27
275	219
355	20
377	123
304	392
294	117
336	114
346	40
297	23
255	231
293	76
315	222
332	179
381	411
310	93
383	93
345	131
313	79
275	223
351	421
374	110
298	93
284	108
290	22
322	404
255	81
313	7
383	96
258	19
274	224
293	36
278	405
310	80
320	110
335	106
349	73
337	225
347	138
305	16
271	178
338	391
279	122
351	18
309	93
279	207
381	79
344	186
352	2
335	79
303	86
324	110
315	45
350	34
288	81
358	7
264	43
308	16
336	223
124	100
341	221
294	409
305	236
300	88
288	57
382	8
250	9
299	121
300	20
318	19
376	409
346	6
260	8
250	11
310	33
274	32
266	106
269	34
