422
295	38
356	62
347	79
79	18
286	414
336	83
290	5
284	405
333	27
271	230
301	240
256	84
275	393
260	15
347	85
275	52
269	183
378	58
270	74
266	7
266	5
334	248
291	236
291	70
254	103
298	106
341	19
324	110
123	415
300	138
355	24
356	71
323	211
335	14
324	393
278	140
311	113
267	122
380	179
305	131
270	93
299	55
124	228
382	80
276	11
329	9
344	393
255	27
277	66
312	213
338	388
276	44
380	89
266	100
310	85
347	14
305	198
379	171
284	23
307	406
258	79
346	11
338	2
292	36
276	120
286	223
279	22
325	15
256	6
289	93
356	223
294	110
298	210
289	26
384	142
374	50
383	22
348	116
276	99
383	19
256	6
310	220
377	215
300	85
374	9
319	111
280	19
313	222
281	80
258	244
337	119
332	7
332	168
285	7
335	26
371	24
310	411
310	222
341	46
285	16
304	157
355	40
300	141
382	7
342	93
300	395
266	79
383	79
307	11
352	48
278	5
382	238
287	99
379	229
336	28
258	51
347	56
314	51
338	23
341	45
278	7
274	222
290	122
300	53
375	194
309	17
384	99
250	121
302	398
299	108
355	4
301	230
276	10
277	194
315	106
258	7
327	143
338	131
377	59
376	191
305	22
340	34
315	7
336	45
338	14
376	24
341	242
304	159
299	14
298	7
341	403
288	186
272	119
285	14
305	7
345	183
304	225
260	56
345	23
355	29
293	184
368	10
274	398
365	388
253	165
347	79
347	6
271	106
382	23
322	96
300	131
382	22
384	104
309	21
309	245
270	41
339	150
271	45
380	395
382	34
355	43
349	409
346	413
349	19
338	177
378	402
310	138
275	57
380	183
304	81
301	19
336	107
356	8
344	5
347	85
293	137
349	11
377	53
256	117
342	178
340	67
346	11
264	206
347	8
341	15
277	57
260	104
347	106
264	111
355	101
355	64
81	223
289	80
323	139
304	136
348	219
331	2
315	79
278	52
279	145
81	243
347	10
321	136
234	101
81	229
379	25
297	10
251	390
348	221
375	111
347	11
358	37
260	189
39	4
309	237
320	79
349	176
81	161
321	110
379	200
281	418
346	29
289	81
337	27
265	96
326	409
256	106
336	79
376	13
283	209
377	7
279	155
290	79
384	133
349	421
374	23
356	101
336	79
375	25
272	2
255	83
336	418
328	162
288	227
124	212
305	136
300	75
320	116
381	228
309	19
279	81
301	64
264	218
352	56
384	99
290	110
315	401
293	105
377	10
295	152
305	29
377	79
377	32
296	96
363	114
343	179
334	81
308	25
307	140
333	187
279	13
351	7
270	7
347	33
313	408
352	57
81	48
273	385
324	17
321	162
341	34
324	79
337	226
334	180
294	247
340	392
349	80
290	415
356	79
278	79
335	10
300	94
340	7
275	95
337	19
264	84
346	8
361	5
300	6
314	8
255	206
376	56
333	110
123	51
382	99
298	122
352	7
341	420
274	227
294	193
250	220
337	127
378	99
273	104
379	385
309	126
374	223
294	403
292	389
378	391
331	194
348	111
317	192
378	222
260	7
350	115
327	204
383	7
344	232
298	158
333	222
296	79
374	31
380	11
300	11
334	405
325	225
318	93
344	8
255	79
314	15
250	45
338	93
264	237
346	175
380	42
272	79
352	221
357	237
125	149
309	201
378	26
314	8
344	121
315	16
310	161
309	166
377	7
275	23
336	53
284	79
294	106
349	84
263	239
378	16
383	9
273	79
309	7
306	102
279	135
290	65
346	118
323	92
356	16
289	389
347	120
275	422
352	393
384	79
384	10
310	54
304	7
264	114
336	7
286	122
338	241
125	14
297	80
342	8
358	6
299	113
356	225
267	225
318	25
297	154
356	147
384	182
371	220
279	229
367	195
356	51
287	84
276	52
314	239
335	214
313	56
261	219
314	30
356	34
266	7
381	203
81	7
384	41
265	421
305	221
393	80
260	18
379	93
298	36
308	204
347	219
335	143
310	25
364	15
337	10
270	385
308	7
310	399
335	79
334	7
348	7
320	163
324	60
355	53
290	87
338	59
282	391
379	404
262	51
266	76
345	219
299	193
294	127
335	35
356	420
298	226
305	137
298	15
278	394
348	99
345	79
303	217
375	146
335	88
342	37
343	19
299	120
335	404
286	231
288	393
305	164
341	32
319	42
379	102
310	7
339	107
266	393
322	79
330	8
290	8
314	153
297	79
285	79
290	114
298	83
355	18
352	20
336	207
305	7
337	81
260	11
339	57
305	127
329	137
347	5
347	106
272	32
309	51
293	102
279	127
305	160
308	80
313	106
315	45
325	110
374	196
305	234
351	7
324	7
375	21
300	25
355	11
333	166
290	32
330	146
283	86
293	79
318	385
338	223
311	17
327	27
304	61
305	79
287	14
373	184
359	106
271	127
314	14
288	79
377	144
384	391
278	32
326	222
313	403
275	99
281	417
81	15
379	129
347	7
322	81
278	229
323	79
124	78
287	51
274	109
349	79
277	99
309	18
313	227
274	39
381	81
378	136
304	27
346	80
345	20
337	79
293	412
342	106
345	56
372	385
366	136
360	8
309	25
289	122
255	220
306	26
347	80
326	82
256	386
300	8
347	112
337	117
286	26
340	167
296	95
294	143
321	188
290	106
337	22
345	93
383	8
271	1
293	57
310	106
303	5
340	408
296	8
316	219
298	190
278	79
314	138
358	40
300	79
334	68
347	34
311	79
314	62
310	79
305	16
347	100
305	407
315	205
314	136
351	93
355	136
378	130
267	195
314	123
272	79
286	391
355	197
277	22
266	7
341	15
272	416
351	2
375	148
352	93
378	97
266	80
355	7
256	79
299	219
357	8
21	208
302	151
260	15
384	402
298	2
371	73
279	29
256	36
293	111
332	12
301	40
276	215
329	72
296	123
266	124
280	80
352	122
378	222
293	51
297	229
306	185
337	79
342	191
300	52
270	385
353	196
383	85
272	80
255	93
356	7
298	16
269	134
273	15
305	131
310	123
378	410
275	202
342	20
377	225
347	98
307	79
286	24
273	163
298	84
337	128
335	227
362	174
346	6
334	411
355	7
342	7
124	219
350	134
305	19
377	79
334	99
300	227
280	233
355	8
347	216
344	8
288	123
325	41
348	123
250	12
356	7
258	16
255	57
288	411
259	391
347	31
262	241
260	394
349	49
257	7
305	79
346	221
341	58
298	216
318	131
318	224
341	219
267	203
381	397
264	80
311	20
285	249
310	179
288	123
123	79
351	7
280	57
382	155
275	128
280	16
272	31
301	16
351	172
377	27
295	96
347	84
342	44
335	90
319	17
272	137
345	7
290	29
383	122
344	12
305	25
342	7
346	235
287	2
267	3
371	7
305	157
264	106
81	93
308	7
379	385
336	27
274	105
346	387
252	100
290	106
270	95
382	183
289	191
273	202
258	120
383	7
276	93
352	391
309	35
356	132
356	181
347	400
21	405
342	28
278	25
342	173
309	8
274	79
340	229
335	47
313	81
353	169
268	199
382	7
326	231
355	180
381	53
123	91
354	29
301	407
345	246
270	20
294	79
375	22
379	30
342	396
356	51
335	18
346	219
337	131
336	156
298	79
332	81
358	8
369	106
347	225
327	8
335	79
293	40
326	111
342	41
289	69
287	79
298	170
299	63
337	6
370	419
355	391
339	7
275	242
288	77
