422
314	135
324	235
266	34
337	23
276	25
360	11
335	7
300	217
383	213
355	8
306	11
377	123
293	19
309	146
333	79
347	127
297	402
305	29
347	136
374	400
336	222
291	27
288	100
305	420
304	390
382	14
346	76
81	29
329	23
324	80
264	56
347	7
364	79
299	160
384	223
256	7
342	416
313	36
284	391
305	19
272	106
280	194
270	80
258	215
355	106
294	31
336	60
288	19
282	79
348	7
356	180
260	94
296	111
348	237
374	391
347	14
318	42
298	15
275	222
323	7
342	99
304	418
342	87
356	11
352	3
377	16
378	57
295	69
290	44
384	417
276	5
261	85
123	79
277	211
334	97
314	25
338	225
266	9
384	122
376	137
309	385
294	7
309	415
381	123
272	223
339	96
299	99
379	228
374	7
301	2
271	5
344	51
315	7
326	150
294	421
379	19
267	102
352	229
315	185
335	7
347	222
81	85
358	6
256	106
349	2
377	169
300	93
347	8
355	137
383	110
346	7
277	221
335	79
342	391
356	15
342	220
293	104
293	186
356	79
277	79
342	79
266	223
326	409
379	226
279	113
284	110
356	79
355	151
258	194
309	231
335	7
286	8
287	62
274	7
346	2
280	159
349	161
320	22
267	387
337	8
301	80
383	421
346	222
278	79
310	2
335	14
325	183
372	166
274	29
337	127
294	101
310	219
288	111
278	84
332	79
252	223
266	22
256	4
319	144
378	8
335	408
325	18
287	249
276	2
21	22
310	8
307	80
260	81
342	7
383	22
352	127
346	15
275	239
276	96
375	404
351	6
355	395
356	7
358	134
311	91
345	25
288	80
300	122
300	220
303	1
81	5
276	138
334	99
347	10
293	39
299	14
340	403
329	6
347	226
304	73
323	227
322	131
379	101
273	106
313	7
331	16
123	412
293	136
355	179
260	411
266	129
123	8
264	191
273	8
337	116
81	216
384	89
376	13
291	208
355	26
363	63
342	15
125	43
275	403
301	200
337	398
352	8
339	187
315	106
274	81
286	7
266	93
356	167
303	172
341	51
298	136
260	110
267	179
280	19
379	8
256	99
383	6
290	411
281	93
297	407
378	30
272	122
344	77
351	7
338	204
374	20
347	389
267	199
341	219
329	229
358	44
365	10
377	216
292	385
336	202
341	10
382	107
309	11
356	7
290	131
321	6
355	385
279	155
256	234
266	120
285	391
378	138
342	58
259	23
255	131
319	219
371	394
352	233
260	79
305	184
352	11
296	40
279	16
299	84
355	79
379	99
375	7
124	163
347	57
298	137
330	140
382	24
250	81
384	51
286	84
318	17
346	79
335	419
290	79
266	116
298	131
334	26
264	67
285	196
378	181
285	9
374	45
382	106
371	115
300	83
353	162
315	35
289	79
355	36
378	123
310	7
377	168
341	7
338	15
357	57
317	7
300	53
346	26
305	25
311	122
298	74
272	105
308	32
310	7
347	411
321	393
347	79
334	7
290	223
334	111
294	6
355	399
304	28
326	170
300	80
347	123
338	53
314	193
335	130
300	127
318	134
331	117
384	203
359	25
271	42
379	57
306	7
305	385
379	222
321	106
250	225
374	230
328	86
81	52
260	104
314	111
377	8
298	56
384	191
271	85
379	391
124	143
270	45
345	55
289	7
256	157
352	41
289	395
305	100
304	227
310	7
290	79
354	14
370	99
308	393
347	232
338	32
369	133
298	201
314	145
310	41
333	195
375	93
272	81
270	177
307	7
349	79
356	155
290	22
378	84
326	93
349	119
377	71
313	20
274	51
313	402
287	190
275	95
270	391
314	126
305	79
340	51
304	11
309	79
300	79
333	79
273	128
380	29
355	7
349	221
270	242
289	79
382	147
262	221
309	80
255	219
298	19
356	191
269	183
311	27
373	131
263	7
345	106
299	219
320	229
272	243
377	93
300	106
342	84
337	99
351	79
342	111
250	11
349	88
384	79
340	236
337	65
276	231
309	241
351	148
345	62
123	52
380	123
375	32
309	178
368	202
250	40
343	114
335	25
272	128
337	81
380	224
270	225
285	152
336	56
307	205
341	114
338	53
348	8
264	142
286	123
262	212
352	7
310	8
314	136
294	7
346	176
341	27
305	15
361	396
253	184
341	80
124	75
356	247
267	136
378	37
375	79
393	409
279	407
352	29
335	193
338	219
277	85
337	102
382	9
355	31
81	8
297	188
273	127
287	245
381	66
296	141
272	45
295	103
348	405
376	52
256	82
348	225
310	108
347	15
344	58
271	393
335	120
347	192
309	14
305	214
356	56
287	131
289	388
273	37
283	393
309	10
312	17
258	25
351	210
346	80
298	81
324	394
313	20
280	420
264	220
332	7
305	16
300	27
305	8
290	229
279	34
341	118
264	84
275	79
294	106
289	24
371	93
326	197
346	120
258	45
341	238
327	403
320	68
346	49
296	102
346	79
324	51
322	410
342	198
336	51
384	392
81	93
316	218
340	388
349	227
279	34
355	13
293	143
278	38
347	21
254	7
298	136
21	79
300	99
378	21
305	405
353	189
266	23
344	79
278	51
304	15
356	139
300	7
290	64
293	119
358	93
321	166
350	24
304	122
336	105
255	22
274	112
352	122
314	80
325	229
305	19
287	8
356	241
288	81
379	230
269	5
362	179
322	120
299	19
340	110
281	27
377	8
342	7
278	244
323	117
338	85
337	52
308	246
279	79
306	104
347	95
309	79
381	23
335	215
308	17
355	99
260	385
350	11
298	79
301	114
314	156
336	26
342	33
298	53
285	56
339	11
286	101
297	106
290	10
318	418
302	7
278	83
315	79
272	228
377	95
274	54
336	93
234	79
293	195
315	227
273	79
345	401
347	207
300	7
305	206
347	79
255	96
378	7
305	79
313	398
347	203
278	51
277	389
271	225
330	41
300	27
355	415
296	209
279	47
347	40
309	57
288	16
299	28
383	93
383	80
265	404
124	137
281	5
337	7
333	25
338	20
255	242
382	182
344	10
324	2
125	27
380	12
279	11
347	196
260	136
375	14
337	110
309	386
310	219
378	18
270	157
381	7
305	140
289	18
383	18
314	12
381	237
345	7
314	16
302	385
266	149
357	79
268	121
274	408
349	32
310	106
343	406
356	8
377	222
280	164
313	393
347	132
340	99
340	79
298	79
288	98
382	16
347	113
305	81
255	239
293	146
294	14
347	81
260	61
335	34
345	19
310	183
336	7
297	15
290	48
382	50
275	90
286	111
311	183
265	248
344	78
332	10
310	229
257	153
334	59
338	106
371	24
270	138
275	29
384	20
327	122
336	422
293	161
295	35
348	413
337	57
275	7
384	18
251	107
341	57
310	100
275	16
332	79
356	32
255	220
288	204
298	194
286	5
327	106
278	385
256	79
299	83
301	174
348	56
345	80
327	219
275	25
336	8
319	7
258	30
301	59
334	45
314	10
39	227
334	405
81	393
264	158
339	34
344	237
298	143
305	106
315	175
79	206
290	40
323	6
318	72
264	240
278	171
341	397
289	165
276	46
278	180
376	70
380	121
336	64
298	22
366	15
283	109
301	225
292	219
382	154
377	173
284	162
307	53
367	93
305	31
378	222
337	414
333	124
341	26
325	17
380	5
356	23
347	16
351	79
258	4
349	96
276	221
355	41
324	12
290	48
346	79
375	110
305	36
345	79
308	391
383	80
379	92
335	163
