422
275	17
353	385
337	81
307	227
347	219
267	79
338	64
342	7
328	19
298	15
337	153
324	86
304	79
278	7
383	10
309	127
264	7
335	5
334	9
253	34
318	8
264	398
347	99
337	191
351	8
300	236
305	79
348	4
276	30
305	121
124	391
352	405
272	79
384	27
375	79
335	101
377	155
356	200
378	221
379	79
379	95
292	15
309	22
298	237
337	191
384	184
347	154
379	131
355	119
294	420
346	222
378	57
258	182
269	84
307	99
336	7
321	56
304	79
279	61
293	88
378	19
124	186
293	98
334	230
278	57
325	35
310	229
281	31
382	17
274	14
278	80
355	7
266	110
339	408
377	180
379	25
275	9
371	42
384	219
341	112
276	23
310	119
305	414
276	84
276	388
342	52
310	131
347	32
348	26
288	11
371	123
355	52
323	35
81	4
377	16
266	66
356	104
314	28
377	79
344	45
274	156
329	21
327	7
340	26
314	51
333	93
298	222
298	19
335	219
290	79
376	203
337	30
337	8
356	171
81	166
348	409
301	29
299	79
356	94
288	106
337	44
384	79
294	111
288	7
297	7
336	80
272	422
347	22
379	123
21	411
274	388
315	106
382	385
352	393
123	8
279	7
314	106
318	7
346	7
305	14
125	11
336	143
322	51
355	83
290	179
280	411
279	104
331	6
343	163
276	7
341	7
290	146
318	99
343	248
310	15
272	406
342	100
312	165
310	138
377	29
289	385
352	93
264	38
338	181
298	7
300	7
309	56
81	2
346	56
352	226
289	79
342	201
355	53
285	135
276	84
341	215
378	179
324	79
336	114
346	223
256	59
273	17
355	57
287	150
355	385
307	219
260	412
351	141
258	69
317	220
300	184
289	149
295	7
313	134
355	399
299	223
255	192
348	229
309	130
372	7
316	175
275	409
333	421
346	12
347	79
305	92
335	34
377	238
310	13
374	7
349	8
301	106
299	79
326	6
255	169
334	80
267	249
330	14
348	7
79	84
81	208
300	133
285	76
335	74
355	161
335	145
356	217
305	20
374	51
319	59
280	60
347	391
341	219
335	29
261	63
324	179
124	121
356	89
384	206
347	393
125	79
314	19
298	113
258	56
376	8
349	170
346	127
384	51
277	9
356	400
337	79
326	173
275	196
267	404
271	99
351	221
344	223
336	176
381	219
284	7
352	79
325	36
288	51
256	129
352	29
348	11
301	188
311	395
278	23
375	221
345	5
342	230
293	79
284	7
356	227
358	183
290	415
346	80
284	225
299	18
326	10
359	224
286	122
337	16
347	93
275	81
281	389
276	235
271	123
321	393
308	233
255	228
298	420
349	202
319	157
320	185
273	50
289	22
260	2
303	56
314	139
347	157
346	222
275	8
379	218
278	18
293	25
342	8
342	22
384	100
262	124
335	402
336	80
287	194
294	408
265	127
368	10
374	7
347	122
300	147
305	80
298	394
300	228
300	138
342	25
296	222
279	7
332	65
375	7
265	45
310	136
350	51
306	32
336	242
356	16
259	199
344	117
345	140
321	401
294	177
327	16
264	24
380	8
305	7
329	158
272	41
288	413
313	211
335	79
313	204
344	95
349	79
308	6
377	79
377	385
356	62
326	81
354	240
289	26
310	194
260	104
300	7
278	8
279	47
313	39
347	189
260	99
309	25
380	27
381	34
255	79
266	15
377	231
382	220
371	57
298	27
271	1
340	389
268	99
324	105
300	6
378	33
280	6
376	183
315	136
258	14
325	79
347	237
257	93
342	187
344	392
285	215
250	237
378	16
305	222
347	195
258	79
333	27
255	196
264	138
277	19
351	43
266	210
382	25
301	115
300	231
341	393
337	79
355	34
342	123
270	106
299	71
340	7
252	110
351	103
356	148
378	220
81	36
334	220
377	142
382	227
123	11
314	7
289	202
270	419
314	15
380	53
280	53
266	23
347	52
286	93
322	198
305	82
266	106
347	23
276	79
336	164
297	40
250	72
308	99
294	131
309	32
297	247
337	166
383	18
335	99
338	5
364	27
260	7
278	18
305	106
299	7
260	20
271	172
270	225
123	53
346	137
319	79
305	191
298	120
290	239
378	13
297	48
345	131
301	421
324	162
310	203
295	136
292	122
260	395
358	226
309	242
379	195
283	25
355	81
363	23
296	49
349	53
345	79
271	234
334	81
280	48
290	403
288	7
305	229
358	391
325	393
336	25
286	99
315	93
277	137
335	11
384	221
323	79
305	51
345	162
289	109
290	20
321	127
260	79
309	225
347	7
320	26
382	216
256	205
291	136
286	106
285	229
304	79
355	93
300	229
383	214
296	28
357	222
310	40
341	7
294	212
348	123
347	222
81	227
380	78
360	402
381	24
331	80
382	206
344	51
250	64
336	3
332	163
305	97
270	246
352	102
273	219
320	11
352	110
304	96
272	7
300	7
314	132
345	385
270	110
300	116
356	183
274	151
282	5
346	96
250	19
300	219
296	32
381	54
285	19
266	106
304	75
333	19
378	80
262	106
277	83
341	232
294	2
384	116
267	7
270	7
374	102
347	41
309	387
279	15
290	227
305	123
335	193
266	243
81	390
270	45
336	386
370	415
310	77
356	122
287	22
274	411
310	81
256	183
283	18
345	79
21	111
326	111
327	11
309	62
346	122
347	80
379	107
355	16
279	223
258	32
307	93
327	7
338	241
341	155
298	207
295	57
347	96
367	416
337	120
304	11
302	391
330	407
358	190
382	167
375	241
375	46
336	79
272	10
340	385
342	84
275	223
255	6
293	41
299	80
309	111
275	40
308	99
264	128
342	7
296	5
313	14
334	391
375	122
378	111
349	128
298	51
355	418
124	85
340	95
384	106
338	79
323	8
264	42
350	79
334	27
355	160
267	15
383	29
374	10
305	24
256	204
234	137
251	106
293	25
383	143
349	20
355	100
286	178
256	8
371	79
315	8
384	16
377	52
309	7
310	37
339	127
300	405
315	8
269	404
298	14
361	8
311	403
339	180
380	87
298	2
380	117
297	106
349	8
366	219
346	15
278	81
279	393
369	131
277	80
279	37
356	55
347	7
290	111
301	45
347	114
324	216
298	21
313	19
335	79
308	16
266	403
337	244
314	12
287	96
379	193
379	7
347	10
274	398
299	17
313	213
382	14
272	225
304	120
270	26
81	146
306	7
311	225
314	197
347	93
302	79
351	11
263	101
278	11
273	7
378	161
381	229
338	57
310	110
287	44
338	6
365	209
293	79
338	16
352	134
374	79
293	2
349	225
274	15
329	410
304	417
315	107
289	58
342	41
288	12
376	29
337	56
339	8
383	106
291	102
293	25
347	67
254	36
315	80
286	174
298	194
305	14
294	68
333	143
332	396
356	397
323	136
273	391
318	10
357	114
383	391
306	45
287	5
352	131
290	83
286	73
393	23
290	245
275	120
379	2
332	85
264	79
309	394
377	93
345	90
314	79
293	5
39	81
341	407
341	57
305	80
355	85
378	81
256	168
383	22
281	106
273	159
375	118
305	79
278	27
290	8
373	136
342	126
382	22
318	108
322	79
305	140
356	84
356	8
309	20
341	58
290	24
344	110
272	70
314	113
260	105
272	85
266	34
255	418
353	31
338	137
288	122
345	79
311	101
256	7
334	91
335	10
301	93
340	144
341	15
338	136
123	93
340	79
362	239
275	405
303	85
346	31
383	152
347	40
