422
288	12
349	7
356	40
373	227
326	112
378	106
377	204
320	20
346	131
347	51
345	122
305	7
375	51
351	41
123	200
296	170
287	106
384	100
311	78
81	217
323	391
294	75
314	123
314	79
269	7
371	16
377	79
266	184
304	41
375	7
298	15
340	69
286	139
339	116
301	123
266	94
321	59
321	122
333	106
380	81
275	158
79	160
336	62
352	403
301	7
342	67
124	105
356	110
350	232
380	54
300	186
379	79
309	26
342	15
358	8
341	241
342	7
298	409
297	246
299	121
308	202
312	102
320	386
309	93
338	143
383	395
300	146
377	49
356	106
298	209
347	93
338	137
346	229
315	201
290	225
318	106
277	164
297	51
336	2
310	167
285	81
326	137
375	34
377	11
358	143
377	19
347	20
335	113
309	103
349	398
283	52
264	110
352	26
279	5
288	15
250	144
310	18
332	7
286	136
334	126
124	42
305	388
335	85
349	7
351	14
304	7
251	225
382	195
288	155
289	19
337	80
379	142
270	106
299	8
335	222
279	140
301	421
311	79
349	15
280	99
356	8
300	131
347	161
347	7
355	14
347	223
81	21
333	83
314	81
352	19
346	393
313	63
352	136
275	14
280	389
277	27
298	22
81	138
301	115
301	100
275	7
300	84
290	411
347	19
283	154
338	29
294	80
335	110
372	223
335	14
319	132
298	79
341	227
379	93
289	245
287	391
266	18
273	222
353	7
355	95
298	26
290	7
308	414
321	30
315	80
255	57
348	169
347	44
384	180
315	16
272	68
326	7
253	150
362	206
300	11
266	77
348	397
368	35
278	99
304	79
279	79
310	148
266	7
337	127
261	79
292	46
310	84
296	236
346	230
337	191
270	50
314	37
296	79
340	25
379	84
293	226
300	134
278	124
378	24
258	237
345	166
267	406
309	222
272	79
355	210
274	56
297	229
255	234
342	102
276	405
356	179
329	221
384	407
365	56
298	20
374	106
347	219
281	7
254	180
81	239
296	195
342	99
346	55
282	74
292	120
340	25
338	25
340	38
264	80
293	202
123	110
383	28
299	419
255	134
279	14
305	80
310	168
314	225
347	231
275	193
286	79
378	183
339	80
383	16
324	22
272	223
318	107
344	106
341	111
293	25
266	79
279	138
287	203
355	81
310	40
304	7
346	11
300	23
358	32
250	16
294	127
356	79
318	417
313	188
384	221
381	22
378	95
278	71
352	81
326	8
274	121
317	117
313	93
318	79
302	35
294	394
347	58
335	27
260	79
324	162
336	220
344	391
264	396
293	12
376	7
274	135
349	393
349	12
295	117
314	17
305	7
309	11
347	401
271	45
384	8
278	93
332	79
260	29
348	84
265	165
346	79
306	16
81	34
266	131
298	5
342	23
371	24
21	198
347	415
378	392
341	118
356	8
299	133
382	111
295	225
347	1
298	98
270	41
309	7
264	221
377	114
322	96
124	123
325	166
305	53
294	197
331	233
300	10
319	105
338	56
270	219
272	80
335	79
339	114
335	33
300	131
272	230
274	7
298	385
332	146
355	190
355	57
289	229
278	81
318	72
300	79
281	11
257	225
267	229
298	119
379	7
293	9
337	15
288	19
349	99
256	137
324	73
344	53
345	7
255	400
305	99
339	16
294	410
340	137
272	422
270	7
383	155
355	2
298	189
382	10
290	5
272	174
250	8
345	27
378	106
303	206
337	187
351	122
345	2
289	43
288	20
260	41
355	235
305	22
370	20
335	62
272	393
301	19
382	405
338	8
384	85
393	7
335	5
260	57
342	79
376	32
355	51
356	25
336	93
311	45
337	96
234	88
280	7
256	79
310	193
289	128
125	64
290	4
351	219
379	6
315	196
338	102
305	7
356	418
347	81
310	84
278	394
306	420
273	151
309	34
256	123
258	26
273	79
323	8
273	10
256	211
275	79
380	418
345	216
313	183
260	79
274	10
355	52
294	222
345	7
356	8
290	163
347	29
307	409
319	93
280	17
341	51
260	156
300	8
379	79
310	7
315	404
382	194
288	10
383	238
305	11
377	21
367	79
322	52
305	86
338	51
297	106
313	207
342	28
293	56
342	172
264	80
384	11
381	79
355	237
313	104
352	89
382	204
337	79
291	385
371	194
310	402
275	203
255	222
336	79
347	7
271	120
305	79
341	15
359	79
277	7
351	13
344	79
285	9
375	23
375	219
315	136
297	4
256	106
322	10
347	239
278	47
276	79
274	408
334	219
258	389
325	108
340	80
334	80
347	224
293	391
285	7
337	85
264	145
347	101
288	56
81	179
380	136
263	45
356	32
125	109
334	13
344	407
276	99
314	97
307	36
334	79
327	16
266	215
264	39
356	57
352	247
314	14
341	79
268	248
341	7
81	122
304	34
380	242
299	79
354	403
343	114
271	99
262	76
358	131
374	181
273	2
379	29
346	79
330	213
382	79
323	10
347	385
271	120
276	8
336	51
21	123
337	227
378	80
357	171
337	390
338	6
346	411
384	141
351	6
305	219
384	7
332	159
375	7
377	8
290	83
277	393
347	79
350	60
333	18
356	9
383	107
281	183
289	85
278	116
313	136
270	57
285	27
307	408
286	149
374	143
384	110
342	99
276	140
382	24
344	7
346	104
348	5
346	18
306	227
293	23
330	402
378	8
284	65
301	385
363	391
356	231
336	31
305	127
314	84
327	91
123	61
349	129
300	241
355	106
337	199
377	385
335	106
288	40
340	30
275	131
255	119
331	216
309	44
345	191
342	11
345	104
311	48
348	27
336	53
352	3
323	385
314	23
347	11
287	6
278	8
342	222
377	25
316	8
327	229
347	220
264	22
265	22
320	219
342	219
302	412
366	147
279	80
304	53
309	404
355	93
291	22
310	57
295	393
305	416
299	15
369	420
290	128
374	31
258	64
325	7
364	219
305	16
356	6
298	212
371	220
300	99
279	25
305	66
374	179
290	6
347	111
305	32
374	205
267	153
334	421
285	7
357	79
347	183
344	79
378	399
309	177
347	95
336	101
293	6
384	403
259	173
346	17
352	17
286	208
337	405
304	123
290	184
256	226
336	106
250	58
273	7
336	79
309	229
348	222
378	40
324	37
326	19
270	7
290	36
275	5
360	15
334	391
289	93
266	83
376	24
341	194
286	29
260	81
266	157
279	92
278	162
298	196
381	185
267	176
258	237
346	14
343	243
276	79
300	51
377	127
335	136
380	152
377	120
299	18
289	59
379	138
269	16
337	14
341	8
336	25
286	228
325	90
290	2
284	53
309	51
276	93
255	79
333	385
304	82
287	395
381	122
309	228
308	19
293	214
299	11
277	25
279	157
300	244
355	7
298	87
284	26
348	8
296	122
267	93
274	218
294	70
361	45
329	7
324	79
353	387
275	242
381	110
382	175
256	182
355	249
378	127
124	96
329	8
341	56
305	225
305	111
324	7
334	227
335	93
315	191
314	163
379	240
333	388
342	32
382	100
123	101
309	23
321	221
308	192
305	106
341	85
352	7
271	415
310	57
335	19
378	411
262	99
298	52
272	29
383	42
258	161
337	36
308	79
349	413
305	45
290	178
81	130
39	111
310	81
252	122
303	10
275	5
276	398
310	31
356	15
338	393
270	34
307	111
256	220
376	79
327	113
260	80
355	391
328	48
356	215
280	96
375	223
383	27
260	2
379	7
383	136
355	27
287	15
314	223
