422
360	218
345	25
331	221
276	393
270	109
342	10
289	104
281	240
293	4
330	82
294	15
357	194
336	411
342	155
336	25
309	247
295	127
346	203
304	7
300	216
270	237
378	110
260	140
304	42
310	10
324	36
313	11
374	405
332	409
284	32
276	11
258	166
305	93
345	421
352	15
355	420
288	81
305	19
378	81
256	6
347	221
333	2
324	79
356	41
298	191
290	56
264	136
310	80
289	106
340	25
314	79
333	8
273	106
339	53
282	79
297	76
336	79
81	68
298	85
293	11
258	222
375	23
335	235
234	398
342	25
355	29
298	85
355	16
303	79
384	136
315	81
124	74
347	87
258	64
289	171
251	79
322	7
252	128
383	7
347	16
379	186
305	392
377	20
307	23
332	65
367	6
344	102
296	7
262	16
355	51
355	123
356	106
356	138
305	7
326	106
270	10
279	226
310	114
313	71
339	53
337	45
274	385
351	29
324	79
125	7
333	27
286	114
355	222
300	8
297	157
299	2
383	131
335	204
293	57
284	85
272	5
314	42
350	17
275	212
310	405
300	85
264	187
293	233
275	120
335	99
288	22
348	7
337	14
374	225
342	79
322	194
307	32
352	136
309	81
351	79
313	123
280	385
324	19
124	215
352	23
380	180
321	183
286	118
347	138
277	84
305	79
356	7
335	7
377	22
271	123
300	7
349	10
377	179
300	79
276	219
348	119
351	143
356	401
352	126
271	154
347	79
359	15
309	397
293	79
294	98
334	204
335	80
347	6
326	244
313	51
310	79
337	27
378	196
265	9
277	8
279	198
269	155
300	222
274	99
329	22
298	242
383	35
340	99
267	78
325	14
298	385
318	26
336	422
378	404
371	89
310	219
264	120
278	14
276	391
290	222
281	47
300	199
315	79
375	143
371	34
364	162
293	70
355	404
256	113
258	79
315	12
328	129
347	12
315	202
285	56
382	79
342	52
124	79
374	6
376	221
301	128
273	79
316	30
347	58
260	166
304	223
125	49
269	37
346	88
348	385
298	411
370	7
356	131
271	43
290	237
377	170
264	57
300	151
351	405
266	18
289	8
296	7
270	131
274	26
278	51
311	6
354	62
274	11
308	3
260	5
341	176
297	21
303	409
380	106
358	101
341	24
314	7
290	101
300	1
270	79
327	112
383	391
346	10
275	6
312	79
261	101
304	110
271	26
332	81
306	220
342	140
294	137
272	57
377	95
375	16
378	93
300	146
288	415
279	17
384	111
338	7
350	8
275	219
372	195
310	99
346	227
384	248
344	60
356	115
286	51
384	10
349	72
379	79
310	11
355	391
338	389
278	79
81	79
366	111
355	229
376	415
315	124
81	5
337	79
253	48
266	23
347	79
288	395
265	15
299	7
355	8
340	388
384	225
344	134
340	236
339	27
255	184
250	106
382	227
355	84
382	232
326	31
327	106
292	13
344	19
124	106
278	93
306	20
327	390
250	16
310	229
123	137
256	220
298	26
291	25
294	99
357	36
278	7
314	93
343	58
355	79
365	231
334	120
383	7
39	52
266	35
324	96
277	163
276	183
340	219
340	14
335	110
260	96
341	136
384	80
256	106
377	105
347	6
334	216
298	40
337	122
329	29
307	25
342	169
346	40
323	15
318	29
318	200
337	223
378	213
300	229
347	66
380	79
298	79
346	93
325	96
335	7
258	34
381	107
393	57
294	7
264	229
383	132
290	147
375	86
336	12
333	410
358	127
346	393
266	137
301	225
336	222
382	122
379	142
254	389
299	7
309	18
334	95
266	219
297	179
267	57
272	135
377	32
250	400
275	245
332	73
375	141
279	219
314	131
345	7
345	406
293	14
289	31
382	8
81	419
310	93
266	157
325	2
278	20
301	214
278	190
383	164
335	27
260	123
342	7
289	7
358	106
337	10
379	202
300	152
375	201
335	36
123	225
314	219
21	90
298	63
286	119
299	24
375	99
347	223
280	7
21	14
377	241
277	396
384	56
260	79
333	106
384	106
355	391
304	398
313	399
266	8
264	136
255	8
356	84
342	48
344	52
81	8
346	222
264	8
355	93
299	230
305	182
348	161
337	99
335	8
347	8
307	209
336	23
349	391
347	223
291	51
272	2
314	79
81	44
313	29
286	34
309	393
336	385
304	80
335	93
298	412
305	5
352	51
376	39
294	51
347	16
305	416
320	130
308	413
382	79
315	56
286	81
342	19
379	110
379	111
280	226
382	238
380	110
341	103
300	131
356	10
255	79
309	8
308	180
345	239
319	7
272	22
266	113
279	5
378	19
341	80
329	228
335	386
272	79
374	9
373	38
305	29
288	137
378	7
345	7
270	14
336	69
298	7
321	15
309	15
347	79
314	46
349	143
379	173
320	210
290	136
298	19
278	80
300	111
361	168
314	32
338	9
309	15
305	22
280	18
371	219
349	83
337	237
347	106
341	403
306	153
377	27
356	5
299	102
302	121
279	80
256	51
340	28
347	391
351	393
313	227
278	417
296	421
346	156
346	64
342	79
310	55
348	79
376	219
327	7
267	230
337	80
335	178
308	387
336	408
346	408
287	117
337	81
285	192
345	79
286	81
284	2
266	57
263	53
326	84
379	191
335	30
283	83
349	15
336	41
309	81
258	241
301	122
352	79
268	11
289	51
380	59
290	24
352	34
347	93
288	80
379	146
255	224
273	249
341	188
347	407
347	16
342	31
310	99
321	131
356	96
314	53
343	220
377	134
338	34
280	196
334	217
382	80
296	184
299	229
256	40
336	138
274	181
347	17
256	16
273	44
323	11
381	79
309	246
79	239
298	385
305	104
297	23
301	26
270	79
266	183
304	195
272	7
377	225
331	116
381	33
347	177
305	106
276	5
382	8
337	159
352	61
305	393
305	16
355	32
285	206
348	92
345	100
275	228
305	105
382	80
338	172
320	175
356	7
349	97
279	161
353	7
305	111
356	393
271	28
255	120
298	388
272	11
344	13
345	41
326	207
309	211
314	99
273	7
369	20
301	223
318	150
305	205
296	174
338	77
311	221
287	162
374	54
255	121
384	160
341	27
259	7
299	203
309	194
334	7
294	394
349	7
309	395
295	122
377	110
302	165
267	79
342	116
310	104
346	80
356	50
260	25
322	56
338	403
378	127
337	84
351	17
308	179
378	59
283	407
262	402
293	123
260	139
305	220
368	183
346	57
305	418
356	95
123	420
279	22
323	225
319	197
383	403
274	21
287	163
255	148
381	41
288	127
287	242
321	7
290	127
334	15
334	234
362	193
287	19
290	411
294	79
267	37
339	100
311	11
371	227
270	2
363	84
305	7
341	158
379	8
256	7
81	122
347	402
330	102
285	7
276	193
349	53
300	7
290	25
323	14
378	27
285	136
319	206
337	25
311	93
380	11
292	7
355	122
378	40
293	185
273	79
356	20
293	79
264	418
381	145
338	45
288	111
277	133
384	191
318	100
123	149
355	222
358	122
383	4
275	394
344	91
310	8
272	7
305	414
315	385
353	123
290	108
324	79
325	208
290	52
347	243
317	94
348	229
260	144
309	167
304	24
347	107
279	93
250	45
352	19
276	80
341	391
257	22
341	45
275	18
352	56
338	83
301	117
379	114
281	8
289	19
338	62
278	7
356	231
347	79
275	75
287	189
374	18
274	85
342	106
295	99
81	7
290	67
314	215
275	8
341	227
384	45
298	93
