422
367	110
276	166
379	69
380	385
266	7
349	19
309	415
290	12
279	131
369	99
264	80
288	85
376	385
264	24
382	113
291	57
378	14
297	149
384	26
304	225
295	34
259	40
274	99
346	7
372	183
358	15
305	225
317	80
258	421
357	79
310	123
124	394
373	14
300	5
270	158
310	123
267	18
316	120
305	84
375	231
314	79
324	385
348	180
365	229
375	40
383	197
319	8
374	389
270	11
305	220
290	122
301	51
336	61
380	8
274	388
290	216
384	234
356	203
356	211
329	243
383	36
275	136
355	79
305	417
345	32
346	27
347	120
288	236
342	131
335	172
309	391
272	203
267	45
256	79
342	99
250	65
377	85
341	79
314	420
285	45
377	79
309	114
383	15
336	1
346	7
285	112
275	169
285	106
125	136
301	25
356	99
300	8
379	117
356	7
294	407
275	143
347	79
267	163
336	62
355	32
297	67
256	83
324	56
313	122
299	79
382	418
355	80
381	7
351	80
352	95
326	106
253	101
370	45
346	183
381	144
271	58
341	35
276	241
337	16
337	11
358	111
341	194
300	196
341	212
278	138
289	160
340	223
273	82
350	19
384	206
302	122
313	85
353	53
338	191
339	9
347	79
264	51
335	11
297	219
327	15
335	8
300	8
349	17
341	51
315	93
364	17
380	140
305	22
266	402
256	29
332	6
298	68
272	227
321	416
301	179
383	100
349	101
284	66
124	418
305	30
272	57
355	57
278	14
318	22
289	121
255	80
336	2
304	148
352	5
347	175
286	7
355	128
320	96
279	20
255	31
336	102
357	139
271	8
286	79
366	9
356	41
310	190
384	93
347	64
337	119
335	405
341	53
384	93
298	34
300	18
347	219
382	81
319	240
336	239
262	35
347	110
355	411
347	232
337	393
293	393
376	106
263	124
288	70
309	84
293	111
380	46
298	408
378	142
382	33
347	166
267	7
393	10
341	7
251	128
356	8
347	81
286	151
383	413
326	201
301	235
293	81
334	80
329	79
333	25
298	10
81	10
331	80
333	2
81	106
290	173
293	96
310	393
345	7
334	140
21	56
278	8
266	51
296	20
314	407
383	152
356	401
289	106
270	8
276	23
305	227
347	393
335	32
342	16
341	182
338	229
384	395
260	222
306	126
341	7
334	223
304	7
299	205
268	59
379	27
300	183
298	162
347	121
294	16
305	391
299	21
335	122
300	14
345	106
318	74
290	106
254	104
313	54
273	170
355	79
256	56
356	2
382	108
307	90
79	23
338	133
336	199
337	27
351	9
324	79
352	409
349	53
322	247
262	117
21	191
274	136
347	38
327	186
320	94
269	80
324	42
375	147
351	225
314	52
302	6
274	120
279	79
359	77
337	141
348	114
314	95
347	154
332	7
362	222
258	26
358	180
341	20
299	123
123	23
273	143
308	22
290	93
331	80
344	16
336	244
378	79
299	165
384	402
250	4
322	127
280	11
277	19
377	214
309	84
356	396
260	10
290	7
348	7
274	79
281	157
371	178
305	22
375	7
123	227
275	7
379	391
377	238
305	107
308	53
303	179
325	25
342	219
125	15
257	116
319	7
347	25
301	403
296	79
298	163
286	223
344	5
324	215
271	200
299	155
81	31
338	131
326	7
335	231
275	84
335	13
266	104
293	162
270	10
298	52
304	246
308	23
347	79
377	206
269	223
310	34
278	174
306	196
349	43
327	222
374	229
355	7
310	218
337	208
123	71
310	79
293	93
260	10
300	111
376	51
81	22
352	20
377	219
294	393
338	6
337	27
280	44
298	59
352	79
378	17
298	60
264	80
355	93
300	405
345	56
344	222
379	194
371	193
348	53
347	222
300	7
315	242
276	11
287	219
255	157
323	16
375	100
261	32
382	88
270	222
309	28
301	98
334	41
286	161
347	219
287	103
279	111
381	15
337	51
332	8
286	228
381	52
292	129
342	102
271	387
309	127
355	23
352	105
310	29
349	50
355	106
342	39
345	84
336	411
300	237
335	228
81	24
264	89
305	102
290	225
307	394
276	127
300	8
265	19
345	79
291	25
305	51
338	183
318	412
374	230
356	145
256	6
314	18
338	189
279	386
272	7
266	159
310	15
315	100
343	8
352	7
347	37
272	24
278	64
283	7
264	56
275	7
342	420
347	99
279	4
327	7
340	127
313	123
325	408
309	226
348	220
378	45
326	410
296	8
382	5
351	85
308	220
304	44
307	101
344	16
315	11
289	42
335	99
378	79
310	81
309	10
323	79
384	397
381	137
355	131
314	105
304	40
376	392
297	403
346	419
250	110
339	122
305	79
368	99
346	79
363	241
350	217
377	87
358	220
379	99
300	409
321	168
307	219
314	18
273	194
277	24
311	28
383	134
297	22
353	385
333	8
346	225
279	79
318	32
340	136
340	92
342	57
333	13
277	79
284	79
289	233
294	399
290	45
273	388
234	91
305	8
356	385
284	79
123	41
81	37
329	79
290	198
337	224
280	7
298	122
337	29
375	134
321	221
276	29
256	219
305	2
349	14
305	19
334	25
371	202
281	229
313	80
270	110
274	184
256	7
315	193
345	27
267	93
289	79
283	80
296	404
344	51
260	153
272	97
378	25
347	195
325	111
348	227
342	7
299	27
351	14
252	12
310	204
288	62
305	107
264	188
266	7
275	6
352	72
383	119
379	86
379	79
310	18
380	226
255	10
255	15
340	179
258	83
347	167
292	398
260	136
309	27
341	118
298	79
334	48
356	41
335	36
375	127
258	106
338	8
294	7
379	83
265	12
314	138
277	79
280	405
377	11
336	21
324	2
299	15
281	58
260	239
301	106
304	79
270	30
315	104
260	390
296	115
384	80
255	79
378	395
342	81
311	7
293	7
306	14
346	11
342	138
274	249
355	111
272	7
266	136
313	79
288	81
286	7
272	26
264	106
288	414
335	16
273	52
333	7
81	99
298	422
371	96
335	2
342	7
377	31
308	116
343	130
278	398
266	76
384	81
351	221
382	79
305	29
277	40
309	56
295	47
326	207
346	93
314	55
275	63
280	25
377	34
345	215
340	49
256	223
312	229
278	93
332	78
266	185
288	171
305	110
346	34
303	213
278	143
278	393
352	57
309	84
250	176
318	391
346	17
338	16
374	79
334	36
287	391
344	5
337	16
379	219
342	155
378	8
380	146
341	15
342	81
293	216
382	421
320	14
287	222
334	7
260	106
290	132
313	131
378	79
294	391
270	181
305	191
293	229
305	237
383	389
337	242
321	161
346	93
378	75
81	6
336	23
276	415
360	114
314	7
323	19
260	113
290	22
289	109
287	391
315	81
255	85
279	209
355	95
345	385
276	146
311	19
266	137
304	99
382	385
285	7
379	177
344	248
298	202
310	123
288	230
384	11
311	245
349	25
278	237
374	164
124	404
340	403
310	79
124	195
377	79
339	79
258	135
335	7
295	48
347	210
338	7
279	400
328	57
347	7
339	26
290	411
337	106
347	79
336	5
285	6
275	187
322	106
300	73
354	93
356	131
356	120
347	106
356	20
355	29
314	11
352	15
275	7
361	136
346	221
272	57
309	192
258	110
298	93
330	7
377	8
294	137
309	225
39	204
298	3
271	79
282	406
298	184
289	150
287	19
330	96
323	221
356	51
348	79
325	8
356	5
300	227
347	137
349	156
374	123
378	7
355	79
294	122
293	19
355	26
