422
251	31
265	131
340	19
305	80
380	79
346	393
269	139
298	99
255	56
290	5
337	385
250	37
333	102
352	241
287	194
352	153
280	147
294	7
288	93
275	26
352	408
260	391
356	79
310	43
379	224
282	175
355	60
280	41
356	2
378	1
355	111
305	219
352	111
337	84
334	189
39	83
371	388
294	249
272	79
293	7
344	19
311	230
380	105
277	63
299	389
382	7
314	403
308	99
366	136
315	222
342	64
343	7
314	209
280	66
307	222
297	79
81	421
337	219
375	16
290	227
266	11
347	42
358	52
291	123
342	18
379	80
341	396
271	222
290	208
336	130
284	10
305	181
330	404
355	138
374	237
345	7
300	222
253	6
355	17
341	137
293	80
281	227
314	111
355	413
272	158
377	7
346	7
375	17
349	11
336	106
270	8
258	51
264	16
336	15
335	26
309	391
305	29
292	24
310	110
301	6
362	106
294	6
310	215
258	57
260	68
305	79
291	8
276	242
274	29
305	227
272	79
335	14
335	7
340	79
277	171
296	143
286	123
279	216
337	48
296	25
289	99
300	230
355	229
316	179
356	58
377	6
347	93
274	7
351	143
338	198
347	127
293	110
381	31
384	27
314	231
346	34
355	61
335	101
383	184
293	107
347	34
355	7
254	120
272	20
278	203
124	420
309	212
298	65
352	99
342	53
314	26
310	222
374	8
349	102
285	134
379	7
314	419
264	395
289	85
300	81
326	36
309	96
340	79
283	10
272	402
347	82
347	29
351	9
269	128
290	79
338	128
275	79
308	106
336	204
256	14
374	401
340	106
273	393
279	45
337	27
81	8
355	221
266	127
272	2
318	79
321	26
256	120
331	220
382	241
278	79
341	20
322	15
349	184
338	24
377	8
371	405
81	90
364	83
342	5
377	403
305	8
279	229
320	19
337	229
288	145
290	398
301	223
341	8
81	79
260	2
275	222
275	38
264	136
318	160
307	40
299	29
300	240
325	7
288	51
276	246
311	133
341	131
352	79
304	79
125	391
382	13
307	26
345	18
337	207
342	196
378	234
342	51
258	32
266	95
307	106
309	244
356	45
273	79
333	24
250	7
356	8
305	220
300	107
306	41
355	185
382	79
327	7
374	22
382	79
382	79
81	100
342	19
378	106
347	81
379	34
324	56
287	216
343	93
300	14
338	394
339	89
335	225
313	6
329	117
337	220
342	163
271	56
288	7
309	229
341	10
335	19
356	163
313	79
300	16
347	57
339	10
299	23
81	114
256	80
324	140
313	192
81	8
299	122
324	99
300	37
384	398
305	174
318	18
123	154
375	22
290	52
384	8
345	219
278	32
361	41
367	191
267	221
355	180
379	8
310	122
284	79
315	173
341	7
287	247
277	106
326	14
267	222
317	385
293	116
347	77
81	86
288	95
384	11
382	402
300	177
379	80
334	183
368	85
320	97
329	386
338	119
275	14
309	227
124	237
285	129
353	93
319	194
304	25
294	156
305	388
256	110
372	137
304	141
393	85
260	16
300	22
339	20
346	418
336	415
324	229
275	112
313	33
375	35
255	80
305	235
278	59
305	15
378	52
294	166
381	421
347	10
321	182
278	232
315	15
346	414
379	40
273	46
338	143
374	236
300	399
356	5
383	106
347	225
348	27
378	96
322	12
304	206
347	34
266	7
352	79
266	71
267	29
337	149
21	50
338	10
348	10
346	17
298	211
342	104
270	102
329	91
271	95
301	219
384	96
300	30
260	78
381	81
257	390
383	27
311	8
380	206
312	217
345	53
305	225
309	122
375	106
384	44
308	111
371	385
270	183
356	81
355	99
304	7
309	391
279	5
365	157
347	227
280	164
335	25
355	159
383	422
290	199
381	21
384	106
264	79
334	36
309	53
297	104
305	204
308	9
288	410
348	395
295	51
378	168
315	391
267	150
274	7
271	152
276	186
314	124
255	11
264	228
278	242
270	15
299	62
380	81
345	161
341	79
344	74
377	172
310	411
286	16
266	62
373	79
305	25
287	127
348	39
356	136
309	84
301	51
384	106
378	219
305	17
310	131
315	104
340	27
337	131
297	122
298	122
305	40
353	165
274	127
349	79
370	7
331	108
266	5
274	110
333	81
337	8
260	8
266	84
298	176
275	157
348	57
374	393
255	25
342	393
286	219
284	219
347	44
275	394
347	7
351	7
293	80
333	169
334	81
340	151
250	408
260	93
338	7
318	73
341	4
297	59
283	83
265	75
123	188
346	16
305	9
377	55
349	113
355	183
347	137
295	132
355	137
259	51
325	7
296	84
383	25
335	126
384	21
290	19
377	105
304	92
314	161
289	32
264	7
382	220
347	7
288	27
256	134
369	190
298	2
287	24
264	416
286	36
336	195
346	385
299	405
338	245
272	219
270	7
311	193
347	67
298	49
335	205
348	239
342	25
336	93
276	123
270	79
356	7
298	10
344	131
346	22
348	387
337	19
357	136
382	7
278	45
310	100
377	8
346	57
325	52
375	7
345	191
380	25
383	12
340	54
314	412
352	118
335	45
384	20
279	79
309	56
303	7
315	79
356	409
281	8
344	213
336	103
304	7
352	40
277	407
379	239
305	80
290	7
347	122
379	34
289	99
289	93
378	195
360	109
355	166
323	32
314	138
275	88
258	79
314	15
299	19
264	8
345	79
351	31
302	219
290	385
341	23
377	113
300	18
321	397
286	23
256	7
319	243
274	194
260	47
289	2
266	79
359	79
342	393
306	197
125	223
356	8
279	11
324	96
332	8
281	418
262	45
286	146
313	93
288	162
273	122
298	41
347	178
320	225
363	14
332	116
298	115
375	391
276	84
358	120
347	70
377	14
382	98
356	3
313	32
334	4
278	202
379	79
323	155
300	389
301	407
255	123
285	110
352	99
293	120
270	391
290	420
263	146
335	79
255	22
310	6
335	93
315	11
322	248
378	170
305	136
346	406
356	196
376	93
337	42
358	23
274	218
346	53
345	214
298	221
323	20
267	411
341	121
347	7
314	25
293	111
378	13
319	79
266	15
324	29
289	15
327	87
376	15
234	7
261	101
332	72
332	193
309	136
262	138
295	48
276	127
376	225
383	100
301	51
304	106
272	53
379	221
328	22
327	35
334	225
347	7
346	12
278	215
285	417
252	226
273	79
124	179
287	201
289	7
338	393
349	79
298	79
335	233
305	30
300	226
279	203
323	16
256	7
298	411
270	237
349	200
310	123
258	7
356	106
296	114
310	56
294	180
285	2
333	51
344	14
310	106
325	392
293	110
342	23
272	136
273	18
258	111
290	81
383	99
124	404
293	15
313	80
336	7
306	403
356	80
351	179
298	6
279	80
21	80
302	183
336	140
334	114
381	142
271	415
292	228
384	79
378	94
336	79
336	7
335	81
341	51
278	22
268	117
321	400
358	11
344	28
310	93
290	57
123	11
349	5
355	144
377	7
380	79
345	99
337	79
326	84
354	409
276	80
298	101
277	187
298	79
356	16
371	7
383	23
301	223
339	93
260	19
276	64
347	191
250	238
350	385
318	167
303	385
334	7
308	223
299	135
279	85
309	56
296	79
310	57
349	28
330	79
357	27
378	405
309	223
256	106
327	131
255	202
286	210
294	123
297	5
347	76
79	11
350	11
351	162
294	58
347	121
376	155
347	229
326	57
326	85
344	231
377	69
275	79
123	119
280	16
342	148
