422
305	139
266	7
324	391
287	97
351	11
380	31
340	195
351	79
336	103
346	123
275	79
314	79
338	23
318	137
382	79
382	56
298	110
324	50
342	2
280	411
384	7
371	222
361	11
266	7
327	41
289	406
314	52
357	242
272	6
298	137
384	106
341	106
262	143
331	397
377	81
289	237
384	20
273	419
270	14
341	37
345	385
303	405
279	53
279	235
329	178
320	79
379	22
318	183
277	41
286	8
326	27
384	5
276	123
298	93
315	412
347	8
310	160
300	41
340	106
289	26
383	2
342	205
333	15
319	8
349	56
289	385
334	111
292	8
383	201
347	399
352	229
255	114
336	14
349	29
234	7
270	106
263	22
293	79
383	17
296	415
261	194
264	67
341	225
381	79
379	415
347	227
278	147
337	99
257	80
324	402
379	7
256	7
328	177
284	23
280	127
288	405
377	8
250	162
344	206
298	6
356	218
306	127
283	8
337	25
309	396
310	7
81	123
278	404
81	145
264	93
342	94
347	48
300	148
346	8
384	23
284	58
124	136
314	99
279	56
309	421
279	123
337	8
378	93
309	111
276	122
324	246
336	6
334	159
376	385
383	83
310	393
288	222
250	187
266	2
264	112
309	249
344	54
349	57
341	405
320	40
380	7
340	36
372	20
345	223
346	131
371	27
326	22
81	227
352	80
381	245
381	49
383	106
271	111
346	91
273	8
266	392
336	168
384	79
393	391
378	242
357	44
304	227
270	99
260	95
338	29
375	132
355	16
315	14
294	25
355	6
356	85
311	69
268	6
39	403
255	128
288	142
278	79
317	232
358	79
295	228
356	19
304	7
319	180
313	8
351	161
334	17
286	208
314	214
260	79
344	80
266	221
360	219
297	220
378	138
256	199
352	84
375	219
347	185
256	84
345	37
308	99
309	99
293	149
384	12
285	42
264	84
293	96
346	81
338	106
287	80
274	21
123	101
275	219
275	398
285	194
355	79
270	7
258	19
320	393
382	175
346	5
352	135
301	122
335	7
288	8
355	75
338	236
266	25
271	27
322	29
371	7
270	14
296	200
307	21
336	57
294	8
346	113
327	12
274	165
369	7
339	225
367	93
315	14
333	81
373	223
264	6
314	219
379	7
305	2
342	219
380	79
310	138
262	111
276	79
347	44
270	106
287	22
382	391
294	128
293	16
334	53
347	137
323	197
305	27
290	241
287	78
356	7
275	81
325	19
294	179
266	146
293	110
374	222
358	79
281	127
332	186
313	402
378	73
288	122
297	59
356	74
295	34
377	45
290	8
335	57
313	14
309	234
304	107
300	120
277	79
260	5
344	96
349	3
286	35
315	138
380	7
353	51
342	116
310	107
333	96
329	79
377	173
342	206
266	211
378	17
273	15
337	98
371	70
276	34
382	191
272	95
382	155
378	55
250	223
299	35
339	45
272	418
319	60
278	79
334	417
335	7
335	80
333	11
348	99
381	194
288	114
260	9
349	5
347	188
267	104
338	155
298	7
81	420
294	220
290	215
346	161
310	136
355	221
280	400
272	389
327	79
305	192
332	202
344	233
272	17
335	11
347	63
298	106
355	198
284	131
347	136
310	15
81	19
346	230
352	7
353	51
341	134
329	20
291	140
255	61
321	127
277	240
300	56
337	106
347	394
296	86
298	99
267	28
383	241
347	11
337	409
21	29
301	2
321	124
324	99
355	5
341	390
342	93
300	62
340	123
299	22
377	7
339	10
267	7
355	226
335	51
308	385
300	7
375	146
300	80
256	151
370	391
310	119
334	24
347	12
314	26
259	93
285	14
305	23
379	52
310	15
352	84
341	7
378	106
335	8
356	222
333	26
278	79
335	85
334	7
279	40
298	18
274	79
290	28
345	33
309	23
258	121
341	410
255	11
347	134
297	80
358	411
254	36
355	79
356	229
346	224
348	65
300	217
348	80
287	106
377	122
271	15
314	196
270	51
273	24
288	66
382	80
289	409
300	79
272	407
343	386
336	393
289	411
323	81
313	183
356	10
351	220
318	64
290	7
293	219
326	136
338	57
374	141
379	79
283	81
335	11
291	395
299	163
336	79
338	16
378	43
290	26
351	179
355	221
349	389
260	227
344	222
341	229
309	79
305	207
265	126
305	10
384	154
301	403
347	64
356	102
267	79
289	219
290	225
337	180
340	87
81	89
301	15
347	244
374	4
381	169
275	36
356	174
297	93
308	57
349	15
275	93
298	71
299	31
377	243
271	101
279	111
301	20
124	34
311	133
322	225
323	85
324	108
345	22
294	239
256	120
314	14
125	48
375	41
380	7
264	83
286	172
270	413
310	51
336	398
337	238
269	129
290	220
314	171
265	8
337	143
379	193
315	9
309	7
280	7
280	229
21	92
304	23
278	144
356	166
293	212
378	53
305	25
293	110
350	131
338	248
332	195
260	137
340	223
305	131
298	56
376	7
375	1
304	227
305	106
282	222
123	16
269	408
377	53
383	181
309	120
275	391
356	16
347	150
281	79
251	30
258	226
345	11
352	189
351	120
297	58
362	216
288	391
81	30
335	203
326	156
279	7
307	79
315	8
250	77
290	16
302	16
314	8
314	193
298	7
258	19
279	117
266	29
301	31
347	106
348	79
260	394
313	93
379	99
295	116
296	11
300	16
286	20
336	32
327	24
303	231
253	39
305	79
305	196
274	219
300	47
273	81
264	95
301	407
341	204
305	110
290	204
293	25
335	401
298	27
340	57
310	51
348	8
375	403
124	99
335	215
347	13
305	7
309	81
287	136
342	19
368	79
358	10
342	59
256	416
341	122
79	82
300	4
337	179
305	221
352	157
347	25
348	79
300	111
258	170
307	45
304	25
266	76
384	163
380	79
278	7
345	93
377	51
274	18
384	385
336	152
339	25
267	110
375	247
260	191
338	79
383	27
277	158
305	136
321	190
285	164
379	45
281	388
310	34
378	13
342	7
345	80
278	106
336	18
377	11
309	80
379	119
349	51
374	7
355	229
289	117
124	10
378	42
123	10
293	51
364	53
377	32
272	140
331	79
382	230
350	239
256	79
374	219
311	420
296	191
275	418
347	213
356	100
299	18
376	80
313	385
326	225
382	19
330	27
277	56
298	79
276	32
337	393
290	153
323	19
276	7
338	102
346	115
343	122
347	83
256	225
346	388
356	114
356	202
342	79
275	104
302	62
342	100
325	162
299	136
355	101
347	131
299	2
365	184
286	80
330	18
294	237
290	52
279	32
298	7
355	57
335	122
349	6
273	110
384	118
312	183
342	385
347	16
306	105
311	231
255	84
341	393
347	15
294	404
378	26
382	100
344	157
255	143
337	93
292	68
310	10
334	7
309	79
315	93
309	184
308	408
318	209
310	422
276	79
355	25
379	7
305	10
264	228
278	5
335	7
363	9
332	222
348	167
125	123
308	29
298	45
322	106
354	393
272	113
272	40
316	85
260	96
347	84
274	131
271	229
123	127
276	166
306	7
336	79
356	7
299	15
345	414
321	102
274	34
305	8
325	109
300	79
275	216
355	395
377	7
81	79
305	130
305	90
383	38
304	5
255	203
298	52
290	19
252	237
318	24
366	40
352	176
359	421
356	7
278	22
307	79
347	183
304	7
376	79
355	223
337	32
325	79
285	105
314	121
342	387
258	88
286	104
374	85
355	72
305	15
352	46
313	391
300	81
346	182
337	210
