422
298	34
384	17
255	93
346	123
81	403
276	7
81	34
274	108
293	241
347	223
298	66
274	30
270	82
270	132
313	170
347	93
304	51
266	239
339	62
346	385
305	209
378	104
323	25
345	393
374	6
319	391
341	391
286	3
355	177
288	106
309	115
305	8
345	161
302	225
318	7
260	422
304	20
278	25
352	106
299	19
332	167
266	395
315	241
305	61
300	131
352	165
382	36
341	71
280	99
289	183
346	106
311	401
384	22
356	188
323	20
275	216
380	143
271	121
347	120
354	27
337	220
314	79
259	81
258	219
321	37
285	140
260	19
292	81
294	59
332	79
79	178
334	6
379	223
351	54
329	114
350	213
376	192
377	141
313	93
347	190
319	40
356	89
340	222
298	417
333	7
290	123
314	79
376	215
254	22
335	187
300	106
335	99
314	223
303	6
290	10
270	243
274	7
349	23
378	93
325	14
285	81
303	111
275	79
340	385
316	51
314	139
294	79
333	41
292	12
290	11
356	180
338	110
271	400
382	6
379	194
305	394
334	64
348	80
352	137
322	22
276	65
341	24
305	29
337	225
309	14
347	143
296	242
382	385
276	33
334	215
346	235
348	415
270	14
297	7
379	81
289	385
309	99
333	7
347	219
278	16
375	64
337	222
305	131
350	183
305	84
365	128
347	8
262	393
305	79
341	212
280	106
331	16
278	29
336	110
274	24
338	11
300	121
256	40
300	219
300	25
310	9
294	222
378	406
272	120
305	179
326	181
346	194
353	80
267	4
276	51
324	15
347	79
260	25
305	131
345	7
307	79
337	19
255	7
315	5
290	242
266	117
339	14
347	195
290	150
346	11
371	105
325	99
349	122
286	8
298	7
351	120
277	79
363	40
334	12
315	8
309	41
335	104
380	79
375	16
309	147
305	84
343	8
328	228
355	100
260	114
305	206
298	101
286	80
335	419
318	77
299	122
383	52
346	51
275	32
310	86
356	391
342	32
298	52
314	93
290	113
340	98
378	144
355	93
310	2
347	56
312	7
383	96
298	412
255	80
347	17
124	122
329	57
279	36
377	6
377	393
309	179
290	111
352	53
356	205
384	154
304	134
275	106
377	31
326	57
308	220
281	219
287	229
250	42
352	127
266	402
299	52
273	85
334	222
336	85
274	396
305	249
281	391
258	8
378	104
278	386
338	237
264	79
346	22
293	415
313	221
341	40
349	92
260	136
342	79
320	7
293	7
393	163
342	123
371	106
287	79
261	229
313	136
278	217
344	202
250	106
380	84
276	16
273	10
344	69
384	16
265	101
321	59
319	24
327	39
255	99
286	413
356	80
367	216
337	80
358	411
256	5
336	405
337	45
345	130
295	395
379	231
276	84
289	202
284	57
290	96
338	214
322	112
355	44
352	79
306	232
273	210
384	8
346	225
299	95
383	14
355	119
326	116
123	8
315	7
279	137
362	15
347	78
355	25
260	238
373	23
356	79
379	127
264	168
279	7
275	50
304	248
304	399
332	391
314	110
347	146
356	146
293	23
290	11
336	6
280	230
339	74
364	34
346	152
358	4
309	10
301	45
374	29
252	421
255	392
287	140
291	105
310	45
356	7
309	218
266	28
372	7
375	111
322	173
271	7
301	51
288	56
380	88
347	237
311	32
272	7
280	155
342	80
269	219
377	407
382	122
379	171
293	79
382	58
258	199
345	227
266	114
356	43
374	19
309	94
347	129
355	16
272	131
285	388
310	102
310	117
283	136
324	22
81	7
347	411
341	80
355	226
293	51
352	7
313	45
288	10
258	206
342	11
351	407
288	414
298	222
273	393
300	79
281	149
333	25
309	11
335	8
264	35
300	53
314	57
310	14
123	221
356	404
314	93
272	79
311	25
348	15
369	19
257	80
340	41
378	185
289	8
314	158
124	203
320	11
383	1
337	159
255	229
382	8
287	179
275	99
286	91
345	75
268	10
278	34
298	391
384	229
335	15
325	408
270	189
270	7
358	162
280	81
382	2
290	160
260	223
81	9
344	36
341	227
290	81
271	131
274	10
371	79
324	93
356	99
310	79
285	8
277	79
338	46
290	85
336	67
250	32
300	7
343	27
347	15
346	233
376	196
324	196
294	19
337	5
123	79
318	79
279	225
330	106
337	37
256	387
323	10
310	96
335	184
356	166
342	110
275	102
327	106
274	34
315	191
384	79
266	18
335	79
361	237
81	420
349	8
308	119
380	111
299	227
351	207
308	49
334	122
342	7
382	110
275	120
337	157
314	38
374	388
378	22
383	136
305	230
298	136
310	137
337	15
347	203
313	164
288	56
338	102
264	2
300	127
279	11
296	13
355	7
347	127
275	107
348	8
375	198
256	411
305	127
344	418
309	80
297	191
327	79
307	15
338	26
336	100
327	68
305	95
266	405
277	245
383	99
304	53
344	227
336	83
306	397
349	85
379	393
326	31
345	20
267	153
314	25
377	19
382	116
305	14
381	52
315	133
337	8
305	79
296	81
283	236
342	385
379	27
299	221
265	27
287	391
349	17
310	191
374	408
336	6
383	172
352	219
305	24
379	26
342	31
253	135
338	79
359	7
123	7
286	220
377	7
263	184
264	7
298	398
356	19
278	79
375	30
368	221
347	56
269	421
298	222
299	7
39	83
294	15
298	41
378	106
278	8
351	247
334	157
293	174
278	7
381	26
355	23
370	128
256	14
288	211
297	7
298	79
383	7
378	405
384	16
324	57
293	143
334	11
260	100
355	390
289	175
291	19
294	62
341	84
296	7
251	201
293	7
355	79
302	193
301	7
346	63
295	107
344	180
347	183
306	223
264	204
330	80
309	2
276	176
382	20
342	15
377	113
355	156
301	80
282	246
347	48
308	7
335	183
289	227
345	7
353	137
256	79
310	51
311	29
338	8
300	23
307	70
335	79
81	418
335	73
273	17
357	106
379	155
309	16
305	7
298	228
321	111
377	403
375	151
294	18
324	142
305	131
255	229
345	53
256	21
294	222
360	47
351	148
321	79
293	51
347	7
258	219
355	219
21	79
356	134
300	138
270	48
377	18
277	123
326	83
377	95
377	385
297	85
266	84
378	79
272	106
384	90
300	93
340	79
290	8
325	26
347	8
308	409
295	27
300	9
358	79
289	385
341	51
333	182
124	162
379	81
266	27
234	23
378	195
335	110
124	13
267	5
21	138
313	10
260	26
342	11
256	20
304	240
125	225
381	161
279	15
271	81
297	2
349	169
357	12
346	99
355	402
337	166
342	99
348	394
258	126
267	106
264	393
284	410
384	29
381	101
300	96
285	2
289	398
301	79
315	79
355	35
250	57
309	220
272	204
381	79
272	226
349	118
342	103
278	57
314	7
287	97
384	244
264	79
331	5
352	45
318	409
273	93
272	403
301	28
355	234
336	5
341	136
279	7
348	136
375	80
347	42
300	404
340	124
348	229
304	145
296	389
125	87
374	72
376	138
332	106
277	21
279	239
270	79
310	16
335	231
279	44
339	25
347	29
371	122
349	123
317	389
347	53
341	111
272	225
318	219
286	194
336	60
298	93
356	5
336	109
81	163
383	56
81	197
320	7
340	18
299	224
262	79
378	7
288	7
366	208
323	123
341	186
301	79
380	76
352	58
310	7
284	420
267	79
342	22
356	18
344	55
338	56
275	193
335	93
288	122
336	200
337	416
307	32
276	27
329	79
