422
301	93
318	23
374	169
124	11
371	220
342	71
376	161
338	32
289	122
301	137
267	16
354	229
21	17
298	52
269	422
266	79
266	228
273	182
252	393
336	81
355	34
349	120
355	80
299	131
352	80
333	391
347	186
272	8
304	219
297	237
346	25
326	144
348	81
265	32
321	120
345	241
305	19
379	38
287	390
321	219
344	5
345	142
377	11
310	17
323	29
274	188
341	79
347	143
337	13
279	25
314	16
286	389
281	23
311	405
338	15
346	7
313	59
333	18
342	106
280	131
284	120
319	407
340	239
261	113
309	100
350	115
345	79
339	96
285	99
381	52
338	129
341	218
266	56
332	237
300	211
381	246
314	51
296	22
379	388
356	99
298	19
382	110
374	28
314	76
356	99
306	80
355	79
355	191
349	7
380	236
355	106
347	140
267	241
393	391
315	10
258	8
321	7
337	421
375	53
382	111
260	15
347	110
256	399
364	117
299	53
260	240
123	408
382	100
305	231
289	79
323	215
348	193
286	7
338	7
340	56
277	420
318	138
298	407
345	96
301	8
384	25
342	21
308	7
327	5
345	131
340	10
327	24
368	418
355	29
356	56
378	7
290	23
294	24
298	7
305	220
272	202
298	119
286	112
362	79
299	165
346	225
282	14
382	17
347	93
358	62
319	10
341	81
293	102
313	14
284	127
293	393
270	47
310	139
298	11
305	7
349	156
356	20
347	28
356	53
263	397
295	54
302	207
363	233
383	7
304	222
380	385
292	175
342	31
266	222
384	85
277	7
355	6
347	102
346	110
337	6
264	415
336	216
264	36
304	35
305	80
337	51
300	7
378	194
262	171
356	57
341	56
340	51
383	161
276	146
382	229
382	394
347	56
324	81
300	217
371	41
299	51
377	37
300	45
347	113
345	8
275	9
311	8
300	81
305	23
253	122
314	225
336	7
326	138
382	215
355	51
356	194
335	402
347	79
255	222
347	99
335	79
307	106
356	31
315	123
314	14
355	25
290	238
260	177
352	7
342	409
338	99
288	223
380	9
337	7
325	106
81	229
310	8
316	160
378	63
260	231
339	214
305	221
305	122
322	391
275	10
276	152
360	57
81	79
337	220
300	26
379	134
298	26
296	385
300	405
278	12
378	93
290	79
335	213
264	226
124	110
383	86
279	79
298	6
341	137
250	41
300	414
322	79
355	79
325	79
290	19
384	79
309	45
273	50
335	162
335	5
294	81
123	104
375	10
352	79
273	122
356	2
367	7
259	411
347	415
348	90
341	95
309	79
286	141
315	24
337	44
309	406
298	26
348	7
376	78
347	29
292	229
288	94
355	148
351	96
377	101
334	179
317	219
310	151
303	20
347	166
264	15
305	45
301	15
298	393
384	111
340	393
383	127
335	40
349	394
305	80
342	57
274	196
254	41
280	199
278	87
338	6
266	23
264	19
305	221
325	117
355	79
293	227
329	200
256	178
339	51
376	389
21	405
285	8
377	79
379	172
290	416
384	7
39	45
326	51
374	30
375	244
255	64
378	127
310	223
258	206
273	102
313	58
369	385
351	42
377	184
289	27
266	6
283	85
310	7
334	395
324	223
300	79
379	7
358	61
293	118
279	239
255	127
288	229
384	119
383	18
381	15
337	68
347	2
378	183
300	16
332	44
315	120
353	385
335	81
329	198
276	64
313	89
258	81
349	7
351	11
344	79
355	114
267	18
356	191
280	404
288	106
290	7
346	225
293	219
305	79
384	29
262	225
290	27
374	204
352	245
272	27
342	99
281	22
297	123
260	15
281	79
277	16
309	40
319	77
314	7
81	25
271	79
357	82
81	48
342	103
347	227
295	25
338	135
324	222
347	402
278	179
294	109
314	150
356	212
305	16
305	16
310	225
290	110
272	110
383	12
275	84
366	79
334	195
287	392
297	183
275	7
378	385
313	391
342	114
274	22
332	123
271	127
379	11
272	22
336	194
278	106
310	126
308	79
255	57
308	219
278	108
270	55
296	7
352	83
304	122
384	57
378	232
311	196
341	5
335	7
256	223
272	51
335	15
256	97
307	401
260	136
351	219
321	137
373	398
310	124
304	26
304	42
275	242
336	219
305	79
313	84
275	79
377	80
342	106
345	133
336	7
294	26
290	15
123	6
378	19
299	11
291	206
346	138
336	128
352	84
309	226
310	12
376	48
342	79
340	107
374	248
269	79
299	143
330	195
346	235
302	65
374	17
289	122
297	173
296	243
300	7
356	184
277	79
331	230
304	391
256	11
123	8
287	41
352	136
260	85
289	403
294	20
290	223
293	34
380	221
334	393
295	5
270	403
270	122
375	237
297	130
336	1
264	79
305	43
348	131
301	79
279	191
286	187
320	413
303	2
266	136
381	157
323	180
379	116
383	8
315	5
347	93
328	386
300	107
346	29
267	51
274	4
279	27
314	22
278	93
250	7
379	8
324	14
276	158
356	91
355	7
359	404
264	14
327	221
315	398
305	106
375	79
335	36
370	58
274	79
332	216
329	11
296	84
275	80
289	25
326	176
377	224
289	387
276	69
312	93
285	14
313	10
335	40
338	23
336	147
320	8
280	8
258	409
344	79
348	20
298	16
272	3
375	99
305	420
346	106
309	136
285	99
337	8
382	111
307	8
309	7
301	98
288	36
275	185
293	27
338	136
284	411
298	181
318	164
350	14
341	52
358	8
306	32
344	170
336	222
272	131
79	189
379	408
287	111
310	230
275	72
342	166
378	22
382	400
264	19
285	136
323	57
287	52
314	73
277	20
309	385
314	153
256	101
355	210
346	93
288	34
305	11
314	79
327	149
356	11
283	136
337	93
351	13
279	106
377	75
315	228
365	137
310	8
81	411
289	25
334	95
272	391
333	106
356	7
353	396
335	180
256	7
349	80
125	146
334	128
81	66
380	93
379	80
356	123
379	222
384	106
266	45
342	123
250	80
265	79
337	121
357	32
309	100
337	412
298	7
341	168
270	391
257	234
377	7
274	163
372	57
318	219
318	114
270	56
255	154
276	31
330	105
347	225
337	59
384	5
293	227
288	174
124	93
347	19
325	46
270	62
273	83
279	116
347	203
286	143
270	227
344	79
255	132
345	18
278	25
286	417
377	96
341	84
375	27
305	249
346	8
384	106
341	220
250	204
293	202
333	80
347	49
276	163
234	10
310	7
306	74
322	8
298	14
278	157
334	183
361	104
346	92
290	203
324	67
308	393
334	155
294	7
260	30
268	19
371	79
355	85
349	99
339	83
276	15
271	95
271	385
378	9
371	2
273	229
258	18
290	403
279	79
298	6
275	80
279	105
274	145
300	79
251	395
301	410
260	208
267	81
81	79
351	155
336	29
310	111
307	7
336	111
290	7
347	7
124	162
383	93
305	209
358	159
380	88
347	16
347	15
278	193
266	140
355	21
343	419
294	33
356	27
314	4
347	106
288	84
377	222
352	227
326	40
266	85
298	7
348	421
349	79
335	93
343	101
335	70
300	205
300	32
324	53
338	7
256	7
271	10
378	183
258	80
382	179
344	106
346	219
81	192
309	167
294	190
309	242
344	34
342	388
309	34
311	79
349	121
340	35
125	53
293	19
291	79
278	24
347	7
309	8
341	2
345	2
381	37
333	123
255	247
304	60
280	16
383	131
287	99
299	134
377	197
308	79
337	201
352	22
299	104
352	39
320	7
331	418
