422
299	418
323	408
310	178
352	7
357	16
314	27
275	244
342	116
305	51
315	219
280	391
271	29
321	417
270	79
268	84
351	79
255	202
349	199
332	37
347	46
356	7
340	123
278	99
309	93
333	32
250	72
341	106
377	79
256	51
276	59
327	123
319	80
318	19
352	409
304	25
304	5
326	237
306	7
303	196
293	391
332	405
358	30
329	7
355	221
305	79
285	57
375	57
294	180
313	393
301	399
274	22
335	106
339	7
356	79
297	96
298	99
347	122
330	2
255	54
358	7
377	421
341	23
347	412
376	18
275	222
376	219
298	99
352	7
289	221
337	136
321	79
346	58
313	26
275	85
351	229
336	20
379	229
264	25
323	40
377	75
306	36
356	225
300	153
278	198
272	421
305	219
383	122
279	10
379	123
346	66
260	7
341	210
338	179
279	16
313	229
293	29
288	114
337	79
301	168
286	27
258	144
287	106
272	11
309	388
302	56
270	385
292	13
283	7
318	15
256	7
341	48
383	61
305	8
272	165
303	120
347	52
376	7
290	99
81	19
374	243
384	42
264	127
337	102
344	99
300	223
264	392
326	194
314	93
314	142
290	223
336	81
378	24
314	52
383	27
347	51
124	223
339	7
335	402
297	53
349	80
290	196
308	25
337	52
349	422
288	194
335	81
364	191
347	34
276	96
345	134
290	155
309	213
267	152
334	9
310	12
369	79
288	104
333	411
325	420
273	7
383	237
307	24
332	411
331	5
339	28
309	221
300	79
375	84
293	106
318	151
347	127
327	81
267	127
311	136
313	47
304	238
342	14
359	6
123	111
314	11
315	410
270	81
337	23
298	106
346	205
342	99
347	398
280	20
342	242
255	209
347	105
314	2
81	20
341	7
330	80
377	143
355	229
335	25
336	12
380	101
307	11
299	7
286	85
356	53
348	93
349	80
345	7
317	79
278	219
260	79
262	2
266	31
309	71
352	192
275	227
267	420
384	7
264	57
310	20
356	187
310	7
289	76
337	206
336	230
275	23
275	32
335	14
342	204
309	26
341	41
348	14
125	391
324	185
353	131
285	193
347	225
338	41
342	134
290	3
335	79
314	39
356	80
365	45
377	131
267	31
318	117
264	120
273	173
349	208
276	219
251	138
277	22
356	225
300	79
328	74
304	390
378	64
384	131
250	17
272	227
260	7
363	79
347	19
350	5
266	25
286	84
266	122
285	201
313	246
355	249
337	156
348	22
349	204
346	111
340	10
324	16
310	8
345	114
329	29
288	19
278	106
350	34
266	215
375	8
335	7
286	8
347	15
262	27
342	7
266	150
347	403
321	7
378	83
355	106
301	10
264	79
346	85
289	80
378	5
326	404
258	415
352	78
278	64
374	110
333	10
357	59
382	100
334	25
260	19
356	51
337	222
298	7
286	385
384	44
307	102
280	245
379	32
355	8
327	7
272	400
289	7
379	80
276	29
296	8
382	21
323	79
287	2
311	211
380	79
355	34
375	172
256	79
301	239
260	4
346	195
314	57
347	190
334	110
368	57
276	22
346	87
272	222
309	77
348	126
322	418
380	137
298	15
309	18
300	26
355	51
256	181
345	82
270	155
315	388
294	129
124	79
293	119
287	239
81	16
356	10
307	32
383	31
293	141
310	60
383	80
352	394
294	41
319	109
340	94
326	409
335	84
291	136
314	7
348	67
258	103
378	386
309	79
352	79
323	179
337	396
270	106
383	27
361	37
297	229
290	227
305	29
297	79
382	45
336	225
340	123
355	11
304	17
279	38
294	26
273	227
393	7
322	45
337	226
378	7
234	203
305	162
298	51
305	8
378	79
298	220
336	7
273	7
295	62
266	79
308	106
352	93
305	104
356	7
347	8
300	14
309	247
333	222
254	43
345	220
302	2
300	121
338	149
300	112
123	229
290	8
39	385
305	162
266	393
337	217
304	8
299	8
81	4
382	24
271	116
276	167
123	41
356	36
295	202
290	19
377	163
349	107
347	393
280	131
305	14
355	89
281	40
277	21
345	79
21	136
341	401
299	124
288	99
340	113
381	404
266	1
355	25
298	79
347	99
355	6
354	106
338	225
338	231
305	248
295	23
258	96
264	92
309	127
270	405
351	101
344	200
305	55
309	57
289	98
252	114
374	148
300	161
324	220
299	51
371	191
256	79
259	100
267	122
341	56
260	35
318	56
362	7
272	419
342	7
319	27
347	14
315	230
313	16
333	222
81	183
367	7
279	80
338	81
287	413
340	35
305	113
381	7
338	79
348	228
256	106
334	234
21	85
305	137
274	80
356	93
341	80
258	123
123	16
332	122
329	56
342	393
305	169
341	131
310	128
299	79
375	175
255	389
282	79
336	219
380	93
310	53
346	127
281	120
348	93
349	8
356	8
383	79
343	194
124	159
335	14
342	17
344	188
377	121
314	101
274	193
342	16
269	407
345	65
125	402
272	22
283	18
377	7
296	8
309	411
347	7
290	10
345	28
379	7
289	81
384	49
349	63
325	23
331	36
270	394
296	163
305	95
288	51
266	34
315	22
378	137
351	50
287	183
285	385
337	93
273	231
294	85
271	29
374	13
296	408
310	216
342	79
276	17
294	7
255	79
301	19
338	223
341	115
288	14
255	56
298	236
291	90
315	93
300	195
273	164
265	79
381	95
261	136
275	105
310	183
298	135
356	241
293	120
284	5
274	222
272	96
298	158
312	79
277	143
265	214
315	2
371	12
305	6
285	391
311	393
274	212
336	9
297	8
382	235
264	11
278	70
372	15
301	389
347	395
355	177
278	11
383	118
378	16
358	398
278	403
378	8
378	79
327	93
381	197
379	108
286	7
382	26
340	206
304	56
334	391
334	160
316	53
308	53
338	139
275	25
300	161
298	15
300	79
257	79
356	44
344	203
79	19
347	73
314	42
371	6
345	219
300	406
334	106
310	397
290	385
324	391
335	207
277	52
346	107
342	15
310	403
253	140
374	7
344	117
293	415
305	130
258	11
288	119
271	7
294	111
347	15
339	45
342	110
300	138
274	22
378	79
298	86
81	416
81	184
371	180
290	48
124	170
384	58
336	79
352	111
296	51
298	6
310	24
284	18
355	223
374	6
358	84
276	146
260	88
320	79
344	7
337	45
289	221
346	79
287	240
292	241
281	11
355	110
311	132
260	27
384	15
322	407
351	7
377	393
275	11
382	184
279	10
280	222
377	8
384	219
335	131
344	34
293	18
298	5
250	171
286	40
294	176
313	81
263	136
381	83
343	97
279	143
320	111
326	215
346	93
353	147
346	16
347	166
379	133
337	189
375	225
334	228
290	233
278	174
300	79
352	40
256	122
336	100
298	5
356	106
338	99
380	83
347	79
314	140
301	226
260	99
310	405
308	232
382	128
279	20
379	8
305	216
304	122
305	183
384	138
289	69
373	7
299	227
256	81
379	10
275	395
347	186
266	385
377	23
81	154
309	93
377	106
255	11
366	57
370	30
355	81
375	68
346	191
347	242
290	9
355	219
325	6
384	146
278	179
324	79
335	166
379	79
384	15
324	8
376	218
277	15
279	145
274	91
335	33
380	19
269	80
284	79
270	182
351	387
341	110
271	224
320	62
325	84
299	25
336	95
336	32
308	80
382	111
355	136
250	137
379	391
293	110
279	385
306	104
382	237
321	123
356	414
293	102
305	157
360	157
335	106
347	220
