422
342	204
340	7
337	79
321	119
342	404
267	79
347	6
326	133
264	385
123	93
382	121
318	163
297	187
288	99
290	130
358	120
333	79
351	8
287	390
255	34
366	21
308	31
345	7
266	53
266	32
384	40
304	27
347	64
382	422
298	29
309	106
297	102
270	99
302	10
324	25
290	411
340	99
374	44
342	2
339	84
338	109
311	42
355	93
379	15
258	136
337	385
298	104
300	397
269	6
304	32
380	146
349	67
305	7
336	389
286	137
365	414
379	131
287	100
278	202
289	84
377	7
352	196
323	5
306	52
356	7
355	195
346	145
353	42
349	15
356	66
256	41
344	403
313	227
305	106
338	398
123	194
260	222
380	157
319	36
336	127
258	127
347	387
383	77
250	222
344	227
344	179
21	204
305	148
338	38
295	83
264	29
315	385
384	101
299	7
345	140
279	15
376	74
336	7
374	16
341	248
124	230
250	219
355	137
378	416
372	92
335	48
337	29
303	241
335	106
347	191
300	249
393	128
383	119
376	108
337	399
356	65
322	78
384	405
307	203
332	79
314	55
81	79
383	22
123	5
314	122
341	5
335	13
333	79
276	63
315	96
318	37
384	220
371	22
352	84
367	110
299	6
264	10
352	223
305	84
288	31
297	219
286	186
81	23
310	391
336	177
315	405
298	106
327	79
293	23
374	230
289	7
337	85
300	106
290	34
294	406
284	8
81	7
351	183
286	131
298	95
310	41
336	45
347	217
347	158
318	221
266	79
298	111
255	113
298	56
301	40
309	79
277	420
305	206
277	8
356	10
298	129
379	7
341	29
337	222
309	222
349	79
371	195
298	59
322	25
346	37
306	236
270	45
382	239
298	14
310	110
379	81
290	120
334	127
347	221
304	93
39	219
355	8
278	53
258	135
309	79
336	93
270	7
335	85
275	123
346	8
267	122
278	172
384	51
305	225
355	9
260	8
270	33
342	164
255	393
333	393
300	8
347	196
377	99
348	79
377	208
278	121
371	123
347	64
270	17
305	79
299	229
288	124
324	122
305	212
383	126
276	131
336	227
315	143
347	81
260	25
326	7
252	32
298	81
380	80
356	136
328	244
309	200
326	405
276	23
285	210
274	19
279	57
358	7
256	222
341	24
313	7
341	136
379	10
309	2
342	29
81	56
384	7
275	26
275	95
293	139
300	57
256	226
384	202
343	7
304	21
271	106
378	404
304	79
377	122
310	79
334	201
355	27
336	30
276	391
375	22
276	22
364	43
336	68
275	229
304	7
319	19
368	206
293	418
352	93
81	8
300	51
256	35
375	192
255	106
290	194
378	2
329	104
287	16
355	32
272	60
280	142
379	7
381	117
296	232
334	170
293	1
337	26
253	10
333	79
374	246
272	25
288	41
353	245
316	228
347	116
326	28
335	221
356	14
377	7
355	411
345	8
378	223
270	123
272	27
265	222
352	106
315	227
288	205
355	15
299	7
371	120
355	18
318	15
314	163
381	409
325	81
272	111
336	419
256	7
348	53
279	20
280	81
356	385
297	408
314	85
346	8
279	395
285	22
301	136
375	79
377	391
383	18
291	7
308	137
335	110
255	11
271	79
347	8
342	22
346	175
382	79
346	27
340	79
339	34
356	79
355	136
303	7
266	99
347	25
352	149
356	198
379	189
378	231
351	105
355	19
341	122
264	7
308	7
294	100
314	11
347	118
305	79
301	421
298	237
378	237
271	7
297	14
322	45
378	80
345	80
337	229
335	99
305	188
338	107
321	56
312	70
337	12
306	410
289	183
378	79
260	17
336	143
347	80
307	41
293	11
342	131
304	199
273	111
332	57
313	401
357	127
320	7
338	5
307	8
341	7
256	156
358	13
377	197
349	393
324	4
334	219
299	4
290	209
290	7
310	162
294	88
380	84
292	69
345	86
271	174
355	155
347	93
124	79
289	7
81	47
352	181
380	79
278	220
382	184
334	114
293	134
293	26
301	80
275	53
270	393
347	7
308	10
300	138
346	15
356	16
348	80
374	154
256	80
382	411
292	52
346	138
311	36
321	80
300	219
348	134
280	213
275	89
273	7
363	225
281	153
337	120
276	229
314	241
260	12
305	31
352	81
347	128
290	99
276	80
79	220
339	79
274	25
271	7
383	106
124	396
356	3
289	87
300	16
378	225
380	207
320	7
274	11
342	61
377	160
356	141
285	19
377	240
347	106
270	15
309	102
334	392
374	75
260	45
344	389
347	28
288	8
347	91
347	215
360	179
298	146
342	147
264	83
309	51
280	391
339	93
81	5
346	25
324	7
296	15
356	14
378	79
343	218
356	7
342	51
275	27
384	194
381	10
323	229
310	22
335	82
317	385
286	93
272	143
266	8
341	25
279	5
314	11
259	183
379	62
351	123
310	161
258	102
321	7
319	110
288	79
254	225
342	237
290	106
383	2
274	402
373	176
310	52
309	79
351	183
313	16
335	26
308	79
250	169
295	166
286	81
278	10
382	16
313	27
275	8
342	409
305	58
329	116
379	123
330	9
338	52
304	53
338	23
305	26
295	420
340	403
338	178
349	6
291	32
299	17
267	106
258	7
324	7
264	229
352	418
315	413
290	49
337	215
266	185
314	225
314	415
305	14
269	51
282	386
335	122
278	216
377	220
361	24
260	7
279	90
294	51
347	219
384	227
272	16
344	180
346	16
383	127
272	15
274	20
348	14
301	151
375	79
293	247
305	407
349	79
305	388
273	385
281	214
384	80
300	238
278	30
377	29
260	79
325	11
287	79
309	19
335	56
298	398
335	57
350	107
382	106
290	233
362	393
341	50
310	23
234	112
285	19
349	83
279	6
358	159
332	19
346	228
123	111
375	234
342	223
293	36
21	81
324	79
356	57
293	239
330	16
273	101
286	20
313	85
289	9
309	93
377	193
352	166
283	20
375	79
382	394
277	219
290	20
275	71
296	79
379	168
277	111
266	8
341	11
347	7
258	72
279	93
300	417
296	79
345	393
289	73
288	180
346	224
284	222
331	2
301	100
305	85
309	58
318	79
335	40
331	235
268	137
286	193
274	122
357	242
278	140
274	39
344	15
345	394
347	6
350	415
124	95
314	132
298	402
300	62
287	14
275	167
375	93
356	12
311	221
347	191
265	7
294	231
338	35
272	421
381	391
351	84
256	45
356	223
296	225
334	99
340	216
337	182
266	203
359	114
354	408
334	223
326	98
299	40
267	76
340	117
376	79
327	106
290	173
300	412
305	56
333	106
325	46
301	11
273	51
294	111
369	391
257	242
298	57
337	8
382	243
313	14
289	131
279	2
267	51
283	17
325	191
323	131
309	138
355	6
323	25
349	113
337	162
314	79
305	157
315	114
125	179
251	8
314	79
299	211
344	7
335	110
262	7
327	152
311	57
260	123
341	81
346	385
355	96
341	59
264	184
264	80
255	110
255	79
348	96
250	115
302	407
378	48
305	18
81	96
261	5
332	144
125	104
280	7
294	101
336	171
305	11
284	18
266	23
273	391
281	80
378	79
287	8
383	24
272	51
379	400
345	99
278	79
262	19
300	403
266	219
376	395
294	19
276	34
327	190
310	155
349	103
320	56
348	79
300	388
310	97
309	161
277	80
338	34
370	136
329	94
345	79
355	99
347	150
342	54
307	165
384	44
310	27
355	226
310	24
263	11
285	136
298	18
310	219
340	93
381	105
