422
332	22
293	111
286	10
375	110
377	83
329	229
263	79
298	157
325	29
279	245
266	410
301	106
361	7
288	11
290	93
348	80
355	143
354	85
309	8
382	8
279	225
335	25
125	137
265	7
281	79
318	203
346	229
377	396
300	17
322	81
298	48
279	413
337	123
347	222
305	150
343	127
341	80
312	48
299	34
348	404
348	406
274	226
355	93
299	134
347	56
305	25
345	21
355	36
279	79
356	80
384	114
355	137
337	7
279	2
346	409
257	108
383	202
274	41
304	13
378	398
298	96
287	8
123	391
272	137
353	15
333	80
307	167
81	16
340	57
335	225
266	106
350	227
342	25
327	24
289	215
324	7
256	77
341	29
260	6
326	100
371	27
324	136
264	141
307	228
297	391
298	21
351	385
275	8
275	9
341	7
357	123
272	26
262	236
296	22
21	106
356	92
314	30
349	230
278	190
355	227
356	8
325	11
378	41
313	40
335	122
340	84
290	201
337	79
375	12
287	85
315	9
351	93
296	386
264	52
124	8
338	20
290	57
342	79
342	100
300	22
348	144
298	81
383	147
347	93
284	73
310	422
293	249
378	220
276	208
295	14
259	81
374	243
351	79
338	391
258	53
276	407
289	126
124	131
378	31
350	56
310	78
287	122
358	79
286	234
290	99
384	7
378	62
299	7
271	221
356	79
337	53
304	7
280	7
384	84
384	241
342	180
275	79
308	33
358	138
347	31
331	110
276	79
294	34
260	35
264	57
299	222
282	239
297	211
309	215
278	100
309	96
264	183
377	134
313	7
373	79
333	203
384	412
272	213
335	162
81	67
326	231
383	51
314	8
382	111
334	10
314	11
306	98
337	2
338	79
356	162
287	229
276	114
289	14
123	27
298	81
346	127
358	399
310	116
325	128
379	79
381	46
378	219
383	83
342	81
293	136
311	403
260	122
289	99
355	394
301	20
310	93
297	127
380	393
300	143
258	136
256	58
318	210
335	84
273	183
300	417
310	166
262	25
360	123
347	405
302	421
322	87
384	115
314	4
342	16
278	89
305	55
375	16
341	198
383	51
345	30
302	202
329	178
267	79
333	102
298	26
310	219
321	205
293	52
81	80
301	181
269	27
378	23
378	219
277	2
376	408
305	184
378	160
344	129
301	189
347	219
278	169
256	88
294	216
382	106
334	8
374	60
337	393
298	136
289	159
356	93
260	7
347	5
305	11
335	16
298	10
333	23
337	5
346	19
324	47
275	15
308	132
342	7
336	415
273	104
267	105
347	222
275	102
327	86
305	392
252	79
351	7
335	99
315	44
304	106
270	57
308	57
285	85
339	3
383	8
369	393
277	206
272	391
347	82
349	93
352	7
283	131
337	157
379	24
347	7
340	37
367	2
309	393
313	93
270	32
316	10
274	35
267	409
318	29
300	136
356	23
277	5
278	225
274	391
278	79
305	123
356	176
276	127
273	103
272	204
339	22
345	69
256	241
289	214
315	393
326	194
253	49
315	95
378	27
305	72
264	20
276	99
338	177
266	187
335	120
374	221
381	52
324	420
289	217
293	18
272	7
293	146
81	183
293	51
358	237
274	139
298	223
374	8
345	221
371	14
310	7
356	81
346	135
305	242
355	114
311	389
342	7
342	401
327	57
321	17
318	79
322	229
290	227
352	168
346	51
347	7
270	79
384	45
333	25
281	212
380	61
275	142
278	79
346	389
298	248
271	106
299	59
300	219
311	140
344	9
304	17
268	80
336	51
267	7
342	7
307	14
300	24
296	183
355	397
377	53
349	110
260	192
379	219
310	101
352	15
382	79
352	19
255	152
347	225
332	131
304	22
296	84
341	219
362	166
355	153
347	246
321	110
384	24
384	80
303	54
351	29
319	20
279	14
251	79
335	14
370	81
353	106
349	185
305	14
293	395
314	26
379	240
314	247
266	53
300	411
311	242
347	105
326	85
335	79
323	8
384	93
383	36
286	120
292	106
270	12
347	7
256	19
347	29
335	94
356	79
305	223
379	8
347	220
371	83
277	106
314	137
352	172
300	209
308	154
300	51
288	6
310	34
284	7
340	124
336	58
266	81
347	112
327	184
256	71
344	138
341	95
280	122
355	45
271	19
275	403
325	207
298	180
309	53
345	80
377	15
381	119
346	232
255	418
314	52
286	8
305	11
273	51
270	237
382	196
346	99
372	80
287	79
352	7
305	7
296	188
376	18
275	27
356	12
250	79
278	118
381	7
377	223
323	228
298	131
375	40
295	229
305	15
379	225
359	391
280	391
301	11
290	206
347	56
306	116
292	11
306	44
352	32
379	20
250	26
338	66
377	42
269	113
326	127
337	23
379	222
304	40
314	25
79	193
258	398
301	179
339	385
314	25
330	138
382	7
332	239
378	5
337	7
305	8
382	7
383	18
287	79
285	229
279	6
267	57
250	79
355	93
310	34
347	140
266	23
383	407
320	32
301	11
377	117
338	405
260	158
329	123
365	96
309	110
255	237
341	79
280	133
305	161
331	7
338	7
303	79
336	120
349	136
379	79
21	68
335	79
124	36
382	7
320	11
315	75
377	7
274	10
334	7
341	80
300	10
340	19
310	131
255	173
352	385
290	16
266	113
309	6
348	2
376	227
285	216
294	182
283	50
291	195
250	79
336	402
374	79
347	395
266	122
288	63
335	7
349	26
356	28
357	106
330	56
348	17
356	195
337	193
315	244
309	84
276	109
310	223
314	388
266	39
371	191
298	388
294	128
345	16
363	171
349	37
334	123
379	79
376	40
294	415
355	163
341	7
290	8
377	151
340	93
81	186
346	28
255	99
368	79
294	19
336	99
319	8
375	385
261	119
310	101
290	7
334	1
324	18
256	97
381	222
382	5
345	15
124	230
342	227
286	219
288	42
278	418
375	107
317	170
290	51
380	196
339	145
382	104
314	8
336	179
324	79
293	6
125	225
342	51
277	4
328	6
289	65
298	111
270	56
380	200
337	191
309	32
288	13
294	221
336	5
378	404
336	22
255	218
347	161
341	131
352	76
332	90
345	11
337	107
260	84
264	130
293	16
298	164
313	385
291	106
334	93
334	155
352	79
271	15
344	402
345	81
337	7
347	110
290	120
297	175
319	421
320	420
299	7
310	194
344	32
272	416
356	156
295	7
380	18
299	34
366	136
288	91
278	10
256	7
304	233
347	8
266	79
305	7
288	393
305	220
356	224
364	80
284	79
308	122
313	111
340	405
279	27
234	38
305	79
272	387
81	79
305	111
393	15
341	385
355	204
288	106
384	14
300	29
264	99
341	7
255	385
276	22
309	23
349	59
286	16
123	56
346	5
321	222
304	15
323	143
300	74
280	41
281	122
258	411
347	16
270	219
356	95
307	148
309	19
351	419
39	238
274	41
346	403
338	117
294	19
254	25
273	80
313	45
279	414
270	408
290	191
315	85
300	43
309	101
258	400
81	70
258	15
318	27
334	25
374	146
81	411
275	199
338	31
346	111
265	106
355	96
355	64
273	2
297	7
347	121
338	163
336	220
313	19
377	8
375	10
380	179
356	149
299	64
300	6
342	390
349	174
343	194
272	79
309	79
305	79
348	99
347	104
336	62
342	45
285	102
290	106
377	223
355	45
344	80
336	7
309	394
323	79
260	165
286	121
264	155
260	106
355	222
271	99
275	79
379	197
285	231
123	226
344	79
335	235
