422
296	215
337	134
323	407
383	5
324	120
356	7
255	226
289	51
340	44
318	23
81	77
305	53
347	16
299	220
352	7
355	24
298	391
299	83
349	35
340	83
272	385
252	29
347	2
298	79
275	43
272	13
329	227
123	411
299	127
333	219
374	15
337	106
347	238
287	22
335	106
305	174
274	51
271	27
260	123
294	136
352	5
336	81
355	189
269	155
319	31
341	194
338	99
277	52
352	391
379	220
384	33
335	76
290	79
298	10
305	156
314	11
296	6
310	7
337	24
355	122
300	99
336	239
383	56
376	7
298	20
279	29
374	8
383	110
381	175
351	403
334	7
308	37
304	26
338	7
375	404
345	234
309	403
285	40
305	397
315	27
355	222
363	79
292	6
320	219
293	85
289	51
289	79
305	122
384	37
295	84
340	15
298	227
355	18
345	11
297	117
374	17
81	34
278	179
279	79
335	248
347	16
255	240
356	81
352	81
375	57
377	48
378	101
290	231
295	136
335	392
326	34
279	7
301	75
288	150
378	385
377	122
339	223
378	79
321	249
300	32
352	7
288	131
326	40
293	80
349	140
333	99
290	30
274	223
351	172
302	190
355	420
123	14
337	5
287	406
273	81
290	96
342	32
350	393
346	140
310	173
384	17
335	31
339	389
377	56
379	114
272	146
345	215
325	157
349	4
379	7
272	127
278	19
371	106
337	223
346	224
349	233
259	237
276	416
266	79
345	179
336	97
258	79
356	8
298	219
372	93
322	7
279	98
342	225
364	100
125	10
377	229
382	47
307	228
380	393
314	245
273	79
264	10
382	184
287	8
260	15
309	31
355	60
376	136
354	8
287	129
315	27
309	119
310	171
313	7
307	40
322	395
276	131
336	18
300	195
309	79
345	79
344	205
272	57
308	153
342	14
292	86
347	79
281	59
359	92
284	192
337	106
342	411
345	207
258	38
377	227
338	80
274	187
331	123
270	227
305	204
265	138
358	161
347	69
309	106
300	80
278	27
278	79
334	19
280	8
347	7
311	21
288	29
314	7
375	191
377	136
267	123
267	388
269	34
341	11
356	7
347	114
336	84
326	225
271	99
294	409
305	391
270	241
341	10
310	139
266	25
356	391
333	222
295	221
290	388
346	111
335	14
356	211
260	53
380	62
342	202
347	23
300	51
273	14
382	73
382	222
379	104
380	19
290	222
264	25
381	88
313	122
347	49
384	196
277	3
324	393
377	40
290	79
349	104
305	395
337	167
348	13
288	79
353	51
271	118
314	7
285	71
378	110
341	194
293	89
307	36
344	7
351	159
336	15
323	401
280	7
294	219
301	105
301	45
318	25
309	411
79	79
344	409
335	198
338	204
348	35
347	413
384	100
272	166
356	128
324	221
300	10
346	212
365	25
322	11
352	18
280	123
278	7
260	158
282	45
334	393
272	138
300	93
318	226
286	79
304	417
368	130
325	7
379	241
81	147
310	191
314	79
255	79
298	15
348	80
341	222
299	93
325	120
264	7
347	8
383	180
355	110
313	93
125	208
289	80
382	122
344	119
324	20
382	99
333	12
347	11
315	407
296	101
315	7
293	45
334	79
380	85
358	191
382	113
314	67
342	144
347	18
275	79
300	136
124	70
378	216
263	161
276	5
349	154
347	210
309	5
341	102
289	217
341	398
266	391
305	79
347	93
378	16
286	229
374	225
383	111
334	32
355	8
234	14
332	123
355	85
315	229
274	78
305	11
355	64
276	194
313	420
313	101
124	230
352	4
335	120
342	106
314	143
274	108
301	230
338	79
296	225
270	181
277	180
371	12
283	59
338	227
304	8
344	48
337	83
377	412
346	22
329	219
289	80
264	219
311	11
341	23
270	11
316	141
379	93
342	106
339	15
300	8
335	91
334	79
81	8
327	6
327	120
305	183
311	385
262	93
254	79
355	9
313	53
351	7
257	137
335	79
346	87
305	197
378	136
300	51
306	419
329	16
278	7
379	19
337	113
345	7
298	133
371	57
289	404
273	418
356	104
124	14
309	20
255	183
347	81
326	7
349	177
347	131
315	80
272	7
310	62
267	18
314	32
298	28
356	81
288	102
337	111
357	7
271	193
266	22
350	408
337	162
360	396
314	168
310	193
21	137
278	228
306	405
255	25
275	105
270	160
290	7
298	25
336	200
355	222
281	30
285	80
304	169
352	421
378	79
336	134
309	137
314	26
337	22
304	421
277	15
298	206
347	7
271	56
270	14
305	111
309	29
260	19
351	393
344	24
275	68
297	25
291	32
341	138
258	385
276	183
382	42
319	10
256	94
290	170
303	79
299	110
298	7
380	28
326	50
379	93
348	157
356	131
345	19
371	20
289	206
347	20
340	185
264	61
297	64
356	106
275	51
300	219
305	408
337	84
305	29
312	422
378	116
301	389
251	106
342	27
345	79
352	16
262	7
335	19
300	137
379	237
266	15
356	39
332	23
383	2
383	81
286	56
373	203
349	398
357	41
305	218
285	79
279	163
298	220
324	84
303	121
325	229
256	115
300	103
267	79
358	14
260	195
346	220
342	23
267	236
393	106
256	385
339	7
261	27
285	111
288	6
332	179
304	17
374	93
358	16
342	6
286	148
276	391
338	24
265	8
260	415
348	81
328	405
310	162
290	29
330	146
323	242
250	243
294	201
310	7
275	25
348	81
256	79
274	128
309	79
299	21
335	80
379	122
324	96
331	235
356	17
256	199
384	232
355	387
21	110
279	216
250	58
305	131
356	237
268	51
123	26
279	106
266	53
260	225
272	132
330	79
266	222
341	399
335	402
346	1
299	10
355	127
308	57
255	400
260	149
317	122
311	244
334	42
281	56
308	11
375	26
340	8
266	229
294	143
250	8
275	15
274	231
338	155
308	93
336	209
253	99
296	106
301	22
255	246
278	34
323	247
346	135
335	72
346	16
276	390
293	79
310	79
356	8
310	95
266	186
362	74
315	136
381	25
299	2
314	79
380	79
309	242
370	79
352	223
290	6
286	51
375	100
275	80
353	10
384	184
347	219
375	414
279	405
383	106
384	79
286	23
342	163
351	109
287	80
367	5
347	36
346	166
382	213
258	45
305	183
288	99
124	2
381	52
290	165
378	110
383	8
366	27
304	26
280	79
297	95
293	57
310	80
314	127
306	386
355	203
320	403
258	117
318	7
278	8
278	8
338	121
336	57
374	7
294	82
81	188
293	239
327	53
283	178
346	229
270	106
376	214
384	223
307	7
273	9
343	54
256	7
333	7
288	221
321	2
377	84
378	16
286	99
256	8
284	99
337	393
377	79
256	116
279	106
327	385
381	123
300	57
384	34
298	126
287	93
338	85
123	131
264	7
275	56
290	7
302	114
369	12
347	65
300	182
81	8
273	219
277	99
340	9
294	84
342	225
301	7
376	79
284	58
270	15
293	90
344	41
356	385
379	36
298	96
348	391
321	402
310	11
336	394
341	142
309	418
355	410
377	79
347	107
275	221
356	44
375	143
39	176
346	45
264	41
291	79
319	96
305	22
297	112
332	85
361	151
304	394
377	79
298	55
294	152
321	41
318	2
293	19
258	196
276	102
378	415
341	7
340	52
266	16
264	164
305	7
280	202
384	63
347	111
334	5
81	22
349	7
382	124
81	93
342	80
310	79
336	66
343	7
293	46
347	127
305	19
347	6
313	145
320	52
250	107
309	95
