422
304	67
355	15
267	420
299	123
382	122
349	123
290	7
275	195
329	15
380	393
301	134
263	45
336	25
335	79
355	81
338	99
81	49
337	8
337	164
334	80
124	128
336	11
273	389
360	59
375	392
298	79
294	122
377	117
355	229
342	127
338	155
276	10
298	411
293	179
323	228
338	79
336	148
336	99
258	90
346	415
352	79
260	193
282	137
381	18
305	138
297	235
299	16
256	19
341	106
274	17
309	193
366	16
300	25
312	45
326	184
377	106
323	418
287	37
309	69
278	7
376	400
383	8
275	113
123	108
123	27
270	7
311	242
380	25
308	223
350	220
358	45
314	2
276	7
256	56
298	11
327	8
393	79
270	81
284	29
258	183
307	153
332	51
345	62
318	7
342	24
383	227
289	10
347	93
340	157
300	41
286	61
384	12
309	106
346	25
315	11
348	11
271	408
337	237
341	133
319	165
310	106
281	29
378	99
371	221
279	39
258	79
299	7
355	203
298	139
359	114
260	7
329	53
347	77
289	229
274	93
305	160
328	111
309	18
340	35
375	407
378	57
384	385
274	110
350	7
356	121
340	7
345	403
381	223
333	18
288	88
337	7
337	101
379	138
289	31
335	7
369	81
326	120
356	22
332	19
285	19
378	242
374	99
286	106
373	10
290	79
262	102
310	386
255	183
299	19
310	154
274	103
266	16
255	7
383	57
355	7
314	10
302	146
378	110
351	157
277	89
259	14
310	4
272	114
276	32
349	231
375	391
313	52
305	206
344	57
342	15
272	22
339	7
251	84
325	79
293	79
347	8
305	79
305	391
277	53
333	134
289	217
264	237
374	18
380	163
374	32
378	225
279	391
346	106
329	14
123	29
287	122
377	241
304	56
308	53
291	19
379	34
294	122
384	42
81	206
296	197
345	102
309	56
273	51
379	104
270	85
318	166
382	15
311	7
342	7
382	93
268	385
294	34
300	104
337	397
336	395
348	79
341	116
272	219
279	207
336	80
353	11
357	17
21	33
319	222
379	222
362	19
304	227
322	220
301	227
310	14
298	75
383	52
384	407
346	194
351	229
279	7
272	6
280	16
320	7
345	225
345	405
255	87
368	219
320	189
318	21
356	398
297	402
347	222
377	236
338	12
288	20
356	51
260	27
343	17
342	79
284	81
331	100
340	93
381	203
287	80
314	26
285	7
376	389
335	122
296	8
275	402
290	123
355	79
332	42
371	127
315	119
279	14
377	173
273	6
337	391
300	101
381	416
347	53
340	221
347	171
319	200
371	124
370	403
276	201
305	68
288	23
353	22
305	191
344	208
324	247
356	25
379	79
299	85
322	25
314	5
309	136
124	7
378	86
298	99
324	223
274	80
81	137
379	40
278	109
279	212
349	60
321	81
301	130
277	79
125	80
377	9
297	20
356	170
341	241
264	78
372	79
79	219
349	136
306	131
264	43
327	394
301	405
250	7
315	127
293	421
281	398
378	230
342	222
295	54
356	204
286	227
291	8
305	215
322	95
260	45
348	25
278	175
349	219
356	385
290	192
123	99
295	48
347	11
253	116
334	111
277	7
341	107
271	51
270	401
311	233
356	79
293	5
309	422
356	93
342	185
318	79
296	51
326	27
264	8
355	191
356	12
336	13
345	11
342	166
352	13
260	404
305	2
337	131
304	181
276	84
307	194
321	248
354	79
355	395
317	26
310	393
260	79
266	182
125	23
309	79
255	385
346	93
265	147
124	31
254	15
340	179
276	79
304	80
292	65
294	98
346	24
356	230
300	71
273	183
250	218
275	140
377	19
309	56
267	106
346	106
375	48
326	62
379	81
272	388
349	183
351	96
305	198
341	249
300	7
342	2
320	59
310	123
296	405
325	2
300	36
382	8
294	11
347	226
355	414
355	7
279	417
378	93
330	5
380	80
347	28
352	161
383	51
337	27
283	36
384	106
314	15
377	7
278	3
342	57
275	390
341	22
309	15
305	5
280	25
300	38
336	151
270	219
267	213
367	131
298	57
258	19
264	8
287	57
305	232
256	143
124	91
383	7
267	141
375	5
300	219
314	79
384	8
304	79
266	100
283	220
273	7
302	7
304	111
342	96
346	16
348	79
334	34
309	110
384	80
375	123
313	391
337	56
355	121
281	93
341	210
309	7
290	136
81	79
345	174
271	79
337	162
258	409
352	15
300	106
300	225
306	72
293	79
260	101
287	215
347	79
384	23
256	394
344	111
304	6
308	83
314	7
355	393
298	79
356	391
307	16
357	143
324	6
335	79
292	14
298	385
276	8
352	84
310	385
376	37
335	138
348	221
335	7
288	41
341	222
298	85
270	107
347	19
338	79
256	79
342	41
346	10
337	55
290	44
323	180
378	243
81	131
288	80
260	393
314	80
311	8
337	66
305	94
266	79
272	176
321	79
301	81
289	126
347	225
358	21
272	22
336	6
266	240
264	219
364	23
343	186
305	110
358	7
266	102
335	79
351	227
261	115
305	30
382	8
316	8
324	216
335	246
376	137
308	7
309	385
309	179
278	79
323	178
339	79
257	93
300	229
375	418
338	96
342	82
288	196
300	411
288	23
349	420
377	31
347	5
264	7
256	123
382	64
293	92
326	32
290	245
305	18
265	41
266	190
356	237
358	5
255	117
338	224
315	216
294	161
346	8
81	52
337	10
347	388
382	169
344	146
382	219
321	244
345	137
347	93
271	168
377	132
264	119
363	205
310	187
334	152
356	421
313	79
255	162
352	7
339	136
331	413
286	222
280	184
374	110
290	97
340	93
275	403
299	16
351	127
332	46
269	106
301	79
384	195
290	2
278	406
336	14
355	83
298	225
285	105
371	404
286	32
347	419
379	136
256	188
327	26
298	7
275	159
280	10
289	64
348	52
325	79
315	409
349	1
347	56
250	172
338	112
296	26
339	106
313	99
379	220
300	145
314	79
347	149
258	85
297	7
333	204
310	81
347	2
382	411
336	47
308	177
355	79
274	8
306	136
21	111
276	80
335	393
285	79
344	34
313	150
355	234
275	120
310	202
335	84
293	135
298	8
256	27
315	14
352	29
280	11
314	408
278	7
336	23
347	122
294	211
352	155
293	50
330	100
384	58
266	7
377	7
383	196
275	106
313	51
310	9
39	20
255	131
380	239
355	127
275	73
271	393
324	16
289	415
250	34
333	410
287	28
298	95
381	128
327	70
346	219
298	129
341	225
290	238
355	391
349	84
284	24
270	10
290	96
347	221
347	396
341	222
290	228
382	95
313	74
294	6
298	167
380	7
346	105
305	9
278	158
348	44
347	29
295	15
305	32
318	76
324	83
338	99
335	4
334	399
351	136
310	120
345	17
266	26
300	110
293	239
346	57
278	29
305	7
335	40
383	7
347	20
378	229
288	15
347	140
334	8
299	40
303	79
378	51
379	226
301	51
286	93
347	8
293	80
272	30
378	113
234	104
270	84
260	11
278	7
384	144
269	114
81	81
377	202
279	25
266	36
379	58
273	22
347	106
307	79
365	63
356	45
314	53
297	27
325	412
299	223
277	27
338	143
374	111
334	79
383	35
289	122
352	214
285	194
344	14
335	7
356	22
272	180
310	231
374	16
305	120
279	131
333	118
334	99
315	80
262	156
252	191
305	6
335	106
81	229
361	20
352	24
274	209
267	99
286	387
314	199
303	163
344	85
341	223
290	40
342	142
