422
321	149
266	12
342	123
289	45
382	56
304	56
301	27
273	10
342	7
342	415
268	385
299	64
329	210
358	391
384	96
294	53
124	62
384	219
292	111
304	58
271	403
315	36
272	7
279	54
279	25
305	35
300	13
352	183
275	405
356	190
356	7
383	90
276	33
375	79
344	34
277	15
347	122
258	22
348	189
275	168
341	171
347	5
349	420
361	398
276	127
311	25
270	121
234	105
318	418
344	12
380	228
260	249
256	51
260	180
356	150
274	104
375	204
342	7
279	106
374	106
324	157
349	119
351	413
337	7
298	15
383	388
379	24
351	29
314	99
355	137
327	25
300	128
275	212
276	36
301	106
379	137
123	390
376	7
258	219
299	209
350	391
345	19
290	7
335	79
305	416
294	8
349	219
272	79
293	79
278	241
304	58
310	196
383	8
382	227
347	44
345	7
355	106
295	43
81	79
272	14
304	198
336	123
308	179
288	81
294	396
276	193
291	87
289	83
289	106
256	393
344	184
338	167
270	222
330	218
276	127
278	97
359	103
262	223
300	237
304	79
287	14
290	51
338	118
336	181
310	11
305	34
278	71
337	110
335	159
294	6
264	419
346	94
335	203
384	20
335	30
255	35
311	32
313	99
344	224
282	15
340	51
354	57
310	79
355	246
356	138
284	229
335	222
347	7
371	422
384	122
349	5
256	70
279	114
347	62
379	16
340	215
352	15
378	96
305	237
379	227
337	7
355	52
267	7
300	48
338	23
308	223
382	79
335	81
346	385
346	16
367	388
382	79
251	93
280	80
255	109
279	27
347	98
306	140
260	7
260	83
347	99
307	83
290	411
384	19
293	7
350	3
258	79
280	217
368	40
345	221
337	235
378	237
298	27
377	25
317	53
347	15
264	76
320	23
349	88
303	93
356	106
309	59
378	385
337	225
377	412
346	398
332	19
346	16
348	420
377	229
352	99
375	27
356	214
346	93
309	39
351	8
290	7
313	99
288	131
330	195
377	93
310	399
358	5
304	15
381	106
382	23
341	79
273	16
348	174
345	79
356	7
309	126
309	418
347	26
384	44
347	225
81	115
358	160
356	79
287	22
318	25
123	7
342	110
259	136
284	29
288	219
355	99
305	172
280	208
311	205
305	80
348	221
299	79
320	37
381	219
383	91
266	84
376	18
21	57
383	130
352	207
292	79
314	100
287	11
334	93
313	122
270	194
380	84
270	1
332	79
314	10
289	142
314	7
260	7
375	80
365	131
319	180
300	385
357	29
305	10
273	74
334	225
124	221
260	9
274	229
310	16
315	61
309	8
266	401
356	16
291	106
334	79
305	136
258	231
294	7
299	405
383	5
340	11
309	155
353	79
342	8
256	230
294	120
341	17
309	14
378	77
289	8
346	393
378	8
290	143
309	51
313	42
277	162
309	63
272	7
336	79
364	22
355	80
342	222
298	219
278	111
255	2
355	56
299	18
258	2
81	137
347	222
349	7
331	226
382	80
378	49
335	25
340	79
326	79
310	31
341	13
305	80
347	7
293	239
123	41
338	41
352	89
279	30
383	32
319	136
297	8
355	102
379	123
343	8
275	19
335	67
301	192
298	40
277	402
351	59
329	144
371	10
334	394
267	107
321	17
125	57
305	248
313	161
310	84
286	4
290	202
332	23
370	10
336	51
384	403
312	26
338	80
343	40
258	116
336	16
305	232
337	134
305	8
289	127
306	56
346	79
308	227
347	28
264	245
300	201
300	137
376	230
323	57
298	75
266	79
339	93
305	2
286	8
275	227
290	41
290	81
250	178
323	8
297	139
329	11
358	47
286	53
321	80
384	127
384	85
374	104
375	403
298	2
285	234
300	20
305	186
356	22
304	38
293	69
287	11
331	185
382	136
335	93
323	7
285	92
377	216
377	12
318	25
378	176
324	121
305	10
377	6
335	85
377	5
287	111
264	400
278	114
276	7
81	151
296	7
355	79
278	179
298	145
374	100
375	7
300	14
125	206
377	99
310	25
315	244
325	6
305	17
300	105
346	51
341	79
315	191
382	7
344	177
301	20
378	79
345	7
357	41
302	226
315	95
275	146
379	7
278	21
342	222
366	104
348	7
257	220
347	406
338	161
324	112
307	79
334	117
295	402
79	219
278	229
271	84
352	7
285	393
81	228
305	79
310	8
341	7
272	14
349	51
311	122
314	404
337	102
288	389
355	131
377	85
352	84
324	8
339	8
300	25
347	8
298	216
306	6
270	211
379	10
288	26
298	143
313	80
293	219
294	5
273	81
374	206
336	7
335	202
375	110
301	111
353	79
378	106
341	242
376	223
124	136
356	100
280	7
81	395
288	34
309	79
337	241
315	17
326	163
281	22
289	81
339	220
345	99
277	187
334	21
325	29
309	10
378	86
278	136
315	123
279	81
336	93
293	31
256	220
324	156
298	24
378	99
383	65
371	7
322	79
275	147
255	80
264	15
266	191
347	131
322	386
276	51
341	80
340	7
278	79
298	222
341	110
297	11
270	229
289	132
267	221
352	19
325	79
362	19
300	120
281	96
296	233
81	242
252	122
298	146
342	7
310	26
347	78
318	204
332	110
300	393
298	27
296	155
299	79
334	411
338	40
336	11
342	101
384	6
338	391
348	225
290	19
288	79
380	131
369	200
301	134
340	22
265	28
123	385
372	24
379	37
342	123
286	179
271	57
347	99
314	225
322	106
264	7
356	194
250	391
337	124
338	81
337	9
381	407
314	152
326	223
279	227
260	393
285	7
273	163
352	80
305	170
266	122
326	93
283	122
374	48
380	34
347	18
310	60
333	183
351	148
270	108
383	45
316	32
81	56
374	136
302	199
293	128
341	7
288	45
264	96
351	165
276	417
39	101
308	52
377	173
270	32
303	52
272	6
274	7
349	213
305	183
262	392
260	123
378	20
327	6
290	196
337	19
337	397
380	7
274	385
266	405
293	50
356	387
301	421
352	79
314	191
298	82
384	164
336	18
271	42
336	236
286	138
347	113
347	238
250	215
255	117
265	391
264	15
345	95
355	247
335	120
382	7
318	391
299	223
293	7
254	421
379	93
371	408
373	2
284	11
340	32
381	193
256	24
309	219
377	23
333	79
320	64
305	389
255	129
296	106
280	106
347	95
274	36
347	391
333	79
341	45
283	404
298	29
275	240
347	93
277	66
263	79
393	231
269	14
287	46
314	220
286	166
308	18
309	175
347	20
327	222
273	393
281	414
250	15
298	410
363	166
338	14
307	79
326	395
337	85
347	27
344	183
272	11
346	55
296	101
333	157
336	407
261	110
360	182
294	26
304	158
272	8
355	225
339	194
272	7
381	106
290	102
325	411
300	5
266	79
345	9
309	53
293	23
286	22
334	34
333	154
323	73
314	81
305	409
341	229
355	135
327	15
347	394
256	29
256	57
279	184
290	138
379	116
314	409
297	79
314	19
355	106
21	79
253	415
337	133
267	106
295	11
344	16
335	169
300	162
290	16
342	4
310	56
285	111
355	107
356	31
269	2
382	8
266	79
297	81
267	8
313	80
356	111
355	203
275	93
336	131
355	243
299	385
328	195
271	85
335	408
348	140
346	188
310	153
124	14
274	239
255	52
356	57
342	127
324	197
274	113
342	120
310	27
307	119
275	143
356	141
345	79
346	45
346	84
319	79
349	79
321	114
380	72
266	68
379	53
260	51
