422
358	127
326	26
256	231
297	111
364	129
278	7
346	7
271	53
338	27
260	81
347	184
310	48
303	206
284	400
355	8
368	220
300	76
81	51
259	18
288	7
304	225
305	57
346	11
258	47
266	51
310	40
277	408
373	108
315	79
345	93
347	79
318	224
345	112
384	6
318	123
355	134
300	84
309	107
322	71
347	5
315	119
346	122
299	402
289	11
281	403
295	23
279	18
272	151
356	150
318	38
298	403
347	8
300	80
310	34
326	111
305	391
325	229
351	44
329	22
250	410
383	7
305	399
315	395
314	45
272	17
313	106
366	79
281	23
377	16
330	411
279	240
329	80
346	51
356	15
305	14
341	114
334	23
299	7
273	14
250	138
378	106
326	159
348	131
371	15
124	219
280	3
276	85
265	79
345	391
341	118
382	11
275	79
301	7
298	136
356	81
338	216
274	15
306	19
287	30
278	18
347	131
342	191
339	84
271	79
313	107
289	137
384	58
305	171
383	223
279	2
286	10
381	407
305	208
273	22
125	7
380	11
337	45
337	36
287	84
285	388
276	242
293	2
300	99
347	41
313	8
288	11
275	87
264	223
339	127
290	104
356	8
309	106
297	131
322	79
345	56
382	8
336	79
334	191
311	8
260	7
384	390
266	48
382	25
298	210
376	420
279	239
346	385
303	12
256	196
251	37
371	177
355	23
286	7
264	235
314	24
342	391
355	93
294	8
345	131
347	173
276	215
382	34
272	2
304	7
310	90
379	172
271	79
290	93
312	7
298	81
342	191
332	29
342	20
342	104
324	121
356	79
341	130
300	186
355	100
307	80
365	15
347	25
350	106
290	56
344	405
329	391
335	80
374	99
266	21
380	79
250	181
275	93
310	222
278	133
298	405
338	170
376	8
348	7
355	19
347	57
300	19
336	124
332	165
336	237
315	35
374	120
276	7
309	34
379	26
262	22
273	27
286	8
256	79
294	13
352	22
347	7
384	7
378	7
264	227
288	407
347	79
311	26
313	80
81	139
384	243
355	114
125	394
298	393
351	60
347	8
375	53
338	214
271	137
324	229
307	219
374	79
253	8
301	99
293	203
256	8
294	99
285	120
298	79
297	5
346	53
347	79
345	149
320	16
267	16
359	194
356	95
340	136
313	180
355	27
290	25
379	2
355	231
81	138
310	95
378	8
326	123
260	106
337	405
347	185
292	106
370	56
382	57
294	55
279	146
266	155
124	7
264	51
267	18
256	227
346	5
356	110
334	190
383	126
298	45
275	137
335	5
330	196
298	14
279	174
305	19
378	230
311	85
321	81
372	222
302	401
383	8
380	136
340	148
298	102
305	2
309	413
314	56
382	11
342	406
293	127
314	26
371	79
316	86
278	34
331	15
272	80
340	104
384	10
321	162
347	394
294	246
309	11
345	10
314	69
81	96
264	32
347	40
379	111
320	23
379	391
310	161
347	386
295	41
341	79
335	85
293	89
335	219
352	10
349	15
380	82
266	7
272	166
335	222
280	106
324	223
123	9
383	219
310	84
337	106
349	195
260	79
333	22
384	207
340	80
355	229
355	19
323	33
334	154
274	12
289	385
234	93
347	179
332	389
378	9
310	221
337	411
382	6
323	78
81	52
124	135
123	152
292	248
354	117
384	228
367	239
311	110
298	142
347	10
273	192
377	81
262	92
304	25
332	70
352	31
358	75
377	237
381	219
347	14
349	219
314	79
275	4
327	94
352	182
289	387
309	62
336	216
336	205
346	61
287	20
272	10
289	7
351	225
268	183
284	132
341	101
323	223
266	7
257	417
349	194
352	16
266	388
277	8
341	183
336	59
313	83
333	393
305	241
300	421
319	24
335	79
290	22
338	7
293	64
356	11
286	223
333	29
338	30
342	32
335	51
297	103
341	62
338	79
291	106
310	57
325	245
377	193
321	95
266	393
296	136
376	73
309	219
256	49
269	93
348	228
306	385
337	222
296	136
270	222
286	162
305	114
286	85
375	64
258	234
270	83
279	101
284	110
305	84
338	39
290	65
353	220
264	106
382	35
336	163
344	391
278	7
272	6
339	41
306	25
381	98
299	212
335	392
358	398
288	391
294	93
274	19
334	418
337	109
294	122
314	43
333	79
290	53
357	16
255	7
282	404
294	105
335	93
335	393
310	143
298	41
250	5
351	26
348	12
308	136
337	385
266	385
260	222
79	123
377	202
341	25
378	122
352	155
356	116
337	79
380	66
331	7
319	227
382	19
356	79
280	211
356	7
298	79
344	229
352	27
278	131
341	421
380	79
271	2
264	102
81	202
317	189
274	44
274	97
383	15
299	88
377	134
358	121
355	83
287	140
270	160
308	79
305	221
304	56
300	166
352	117
344	225
310	249
255	110
346	51
362	91
260	79
336	138
266	79
341	101
374	59
258	187
301	6
339	229
382	385
335	113
318	74
308	79
285	7
275	225
347	32
272	85
301	163
383	28
342	79
124	111
326	7
347	175
274	141
302	96
258	16
383	81
283	45
267	113
342	96
378	22
347	21
285	6
346	102
290	46
323	14
342	168
340	420
375	127
315	227
258	197
309	402
288	11
307	81
293	106
340	188
287	31
298	16
336	106
276	5
346	77
313	105
280	81
300	198
378	14
345	7
290	19
360	412
277	93
279	81
355	418
379	127
272	157
256	389
265	6
296	79
289	221
335	99
304	414
352	153
347	29
258	217
270	146
299	29
301	209
377	219
290	80
288	23
305	220
300	80
270	24
281	122
379	29
325	10
290	213
289	17
308	201
338	179
310	238
377	106
276	184
336	218
293	199
324	7
356	396
371	8
369	116
123	416
375	237
276	79
324	7
361	15
374	176
378	27
275	11
328	106
356	79
379	99
336	19
348	147
252	143
260	25
298	179
270	100
381	411
347	51
276	144
300	36
314	219
321	5
310	128
277	106
351	397
278	221
254	408
376	57
335	4
255	409
393	79
296	79
384	40
278	161
351	157
320	241
273	128
341	99
356	203
290	7
39	9
305	7
377	195
347	232
277	222
381	233
305	395
297	52
355	99
379	99
304	229
280	131
348	58
352	215
291	14
299	42
349	183
357	84
334	415
305	34
375	244
356	204
384	415
255	24
275	123
343	17
325	398
305	145
290	193
309	123
300	10
344	79
300	29
300	183
314	99
353	56
340	20
296	156
81	80
342	67
378	122
314	120
355	8
324	194
344	27
305	72
300	51
81	385
283	79
299	68
295	32
21	79
275	119
270	52
286	80
349	28
314	236
307	7
383	79
256	7
269	7
363	40
275	79
375	17
309	7
305	111
356	7
308	167
356	15
341	96
334	45
304	158
309	115
350	93
21	31
378	32
279	54
278	52
123	20
255	7
309	37
379	419
333	422
379	14
337	136
346	79
375	225
378	20
288	180
261	7
384	110
337	7
260	140
260	25
293	122
374	16
299	100
336	169
270	7
263	227
346	79
345	225
327	137
309	143
288	122
298	80
301	230
315	206
293	8
342	79
348	226
349	220
347	6
273	404
335	7
285	409
334	247
327	123
301	50
255	164
287	53
377	13
349	42
337	93
304	63
305	16
264	226
255	403
315	393
355	15
355	79
322	7
293	178
343	7
342	120
319	393
318	7
344	111
337	79
309	110
289	204
377	25
305	8
267	93
338	36
267	57
337	242
278	57
349	80
274	27
377	200
342	51
327	18
314	1
