422
294	15
275	7
337	18
260	17
290	16
375	45
347	17
344	20
337	15
330	57
310	57
277	220
278	85
261	192
341	7
298	80
347	11
361	202
349	196
341	85
280	27
352	212
275	84
277	194
305	388
362	81
380	29
289	205
290	7
256	6
270	94
321	93
304	80
346	104
329	399
271	79
305	421
81	56
337	81
338	8
300	81
286	14
336	16
373	39
346	19
278	27
81	25
378	70
288	412
275	153
279	37
272	17
308	25
352	8
318	226
366	59
318	403
355	99
377	229
299	84
81	79
342	7
301	120
384	58
275	6
352	404
299	11
346	131
294	10
345	7
337	19
342	99
266	26
315	60
308	51
336	393
293	79
309	414
278	136
293	83
280	96
314	406
352	8
300	99
277	186
290	79
329	169
347	79
285	19
338	114
356	41
349	11
290	10
378	385
377	119
288	140
334	7
342	14
317	229
338	391
349	93
341	46
347	236
302	103
310	122
331	19
277	93
342	96
355	16
335	44
341	143
347	32
300	31
377	19
345	24
271	18
309	41
295	79
311	234
319	249
309	232
305	387
310	238
268	11
275	97
307	116
383	157
377	241
304	22
340	80
320	216
313	22
276	204
351	8
310	106
269	191
260	201
124	79
297	7
260	69
258	14
310	7
305	106
290	127
259	79
346	7
266	80
270	411
260	100
348	146
332	170
356	18
338	91
300	51
360	183
315	208
308	136
255	11
341	418
347	223
379	196
266	7
304	99
356	80
287	215
298	80
285	215
300	113
290	62
335	131
382	219
270	24
306	8
347	23
307	115
340	35
322	7
347	7
382	99
267	7
305	100
267	223
293	177
354	403
345	21
314	23
331	113
344	77
271	122
339	121
272	117
350	84
333	57
364	174
288	79
352	8
21	168
321	393
347	401
267	198
375	111
296	163
377	395
298	7
305	206
327	51
309	408
341	79
384	7
310	102
323	42
255	22
381	127
313	22
376	165
258	136
278	137
256	85
314	120
342	15
265	79
356	7
347	7
371	122
347	80
347	95
300	7
305	38
337	79
290	219
338	206
300	79
286	56
358	29
281	14
342	79
348	183
342	2
355	111
318	16
314	14
293	405
336	68
319	403
310	211
300	131
325	12
380	191
384	133
348	26
377	122
275	193
318	225
379	15
255	106
381	8
382	7
334	106
324	22
300	49
375	57
309	5
356	79
123	99
335	173
309	114
81	8
298	22
371	117
272	2
294	57
298	394
293	409
327	93
294	5
125	2
378	126
282	79
272	411
327	83
305	110
289	219
382	106
256	106
288	158
374	76
338	79
279	86
270	185
263	19
305	48
296	172
314	8
323	93
262	81
258	19
379	191
332	35
279	79
349	213
278	22
349	5
337	79
323	248
347	102
346	56
264	13
334	127
305	230
335	175
297	26
306	110
293	405
377	5
347	83
379	161
272	105
344	81
377	227
352	245
336	242
347	19
356	393
300	216
264	10
264	110
299	219
293	391
342	123
279	220
348	164
381	137
382	6
305	81
271	402
275	74
299	239
347	227
294	9
369	131
374	106
260	229
279	219
323	15
356	161
340	228
342	221
297	228
315	27
257	225
329	226
365	143
301	219
305	18
355	75
381	183
300	10
314	10
338	231
299	223
345	134
301	225
367	89
278	217
290	184
333	227
250	195
355	51
315	8
290	11
123	107
335	397
376	200
355	152
326	155
383	59
304	247
280	6
321	79
294	7
342	5
341	108
276	229
340	4
276	144
276	7
345	162
270	149
341	79
300	147
271	112
356	9
310	130
347	388
376	55
301	16
278	244
275	155
295	82
289	118
273	179
341	104
256	79
283	40
313	151
378	84
336	50
309	159
290	391
384	27
334	419
255	23
286	98
306	7
298	396
355	6
382	7
333	25
266	7
270	79
279	81
300	3
305	119
335	219
345	44
384	79
326	72
345	11
355	110
289	8
288	128
291	120
296	7
333	122
279	79
289	219
270	221
383	61
324	134
281	129
355	391
264	53
293	34
234	79
379	135
284	189
305	150
287	11
339	41
309	79
283	123
374	79
348	227
290	52
298	19
383	99
310	28
349	246
301	214
299	7
333	181
314	188
337	23
337	79
382	14
304	15
358	99
324	5
274	20
264	222
349	23
355	26
266	53
351	8
346	110
278	40
293	390
256	385
311	7
340	25
338	25
346	32
272	413
355	7
260	93
346	47
337	222
339	220
314	143
334	392
258	57
374	111
375	102
335	235
272	79
309	127
309	56
297	394
378	87
285	34
124	40
341	136
287	230
337	123
336	80
298	62
335	56
310	385
372	402
280	24
308	79
375	27
250	404
315	80
356	45
382	179
336	73
382	411
288	180
378	407
355	80
378	114
342	56
275	81
335	57
305	36
81	393
278	142
287	67
346	223
336	138
327	391
352	53
274	28
337	167
310	240
341	7
322	16
376	239
316	136
294	2
347	415
384	5
81	101
380	93
285	7
384	10
285	137
266	7
356	20
314	15
383	166
250	16
374	1
346	79
356	90
305	7
255	79
274	221
338	154
320	25
124	163
356	64
298	210
284	409
377	385
298	8
326	229
347	8
314	79
274	123
296	93
81	93
384	219
313	6
258	218
382	45
347	29
313	408
342	171
346	8
304	106
363	136
81	209
309	66
304	227
324	79
123	417
318	225
380	34
378	237
309	222
347	124
358	36
335	45
264	10
305	79
320	415
343	136
265	15
286	53
341	32
311	389
298	29
273	182
359	16
340	128
336	51
340	17
383	416
332	80
276	156
286	204
278	78
349	221
344	7
289	96
284	30
379	27
276	242
267	393
39	121
370	51
269	6
303	63
337	23
380	11
315	58
296	34
290	194
383	106
336	231
381	422
311	389
324	95
356	395
371	207
335	21
379	53
379	41
255	160
286	25
325	101
378	107
313	194
276	51
356	48
353	7
349	7
274	24
342	391
332	111
262	54
378	40
328	166
351	85
281	178
355	79
279	100
322	7
289	179
375	106
347	138
357	8
309	420
346	25
355	225
123	45
274	7
358	190
345	106
277	93
352	4
273	99
334	81
298	398
336	237
377	7
294	26
347	183
325	220
342	11
256	193
335	33
314	106
264	243
352	52
297	123
355	140
310	79
289	7
379	127
273	223
280	14
383	123
338	122
275	229
286	195
308	111
299	162
356	7
330	132
375	421
287	222
258	110
256	141
253	80
305	385
266	101
321	10
353	64
288	32
355	8
305	79
379	233
345	79
307	7
301	199
351	131
287	138
300	391
304	88
266	79
378	203
384	20
124	222
292	85
260	385
347	225
347	84
273	106
290	96
383	109
348	51
125	407
348	7
254	180
298	12
264	400
336	145
21	29
356	2
380	8
384	51
302	398
291	420
377	12
300	84
352	52
350	237
337	111
377	222
334	418
298	7
371	79
326	146
312	202
351	27
288	29
326	7
334	148
368	15
344	203
374	31
255	18
351	105
393	92
276	116
356	222
335	32
292	43
384	393
357	7
293	131
313	93
347	31
337	241
339	93
324	106
309	137
260	410
319	139
314	65
305	197
346	15
298	122
299	34
279	14
272	99
343	2
256	25
303	224
344	16
298	187
378	176
274	52
266	79
347	80
273	36
250	42
79	386
315	120
344	106
295	79
307	104
260	184
272	71
270	13
379	385
310	30
310	8
251	79
355	79
252	157
301	79
335	9
325	37
267	405
266	95
305	20
