422
289	75
374	29
298	10
378	7
280	6
327	154
264	386
280	14
347	15
297	166
343	25
336	96
258	25
257	59
315	79
298	79
279	53
379	8
258	93
278	6
340	53
124	80
123	14
258	40
355	59
374	393
322	5
300	405
280	101
349	17
341	391
266	7
337	191
379	66
123	8
298	106
355	8
310	40
301	25
323	229
270	65
270	8
271	32
333	10
333	110
347	86
305	93
300	144
279	122
381	393
260	104
347	122
310	11
384	161
374	79
298	213
338	5
313	237
334	80
347	38
298	223
345	135
361	42
81	136
356	222
277	22
347	79
250	80
289	45
290	79
285	7
349	85
272	138
81	22
377	100
346	146
309	79
310	34
320	57
337	84
310	79
380	99
274	202
335	7
285	26
266	23
372	225
272	148
256	48
305	27
314	13
356	80
81	194
304	109
324	94
345	10
360	420
294	7
333	70
294	229
283	119
264	51
309	131
270	79
341	200
340	393
342	52
355	106
321	105
276	409
347	95
263	29
346	50
375	114
356	114
270	8
342	11
251	57
298	52
272	410
260	15
288	7
329	85
272	7
305	112
288	182
382	385
356	45
298	229
384	180
291	391
272	137
377	78
348	79
358	19
337	106
352	7
301	134
267	53
377	99
335	385
332	7
296	16
377	56
303	85
264	26
348	35
337	76
322	27
376	44
375	93
301	8
267	99
326	240
323	79
309	406
336	25
271	143
332	197
379	387
297	17
336	418
371	411
357	184
344	219
301	20
352	403
309	102
285	14
346	249
314	48
348	391
305	10
380	15
305	181
334	79
125	113
377	64
384	155
326	23
344	79
379	5
268	120
383	80
310	225
264	170
278	122
346	16
378	226
335	110
318	7
311	93
256	79
288	106
377	100
338	210
378	52
309	26
262	203
342	56
338	123
335	128
326	10
377	225
376	22
300	203
311	405
288	11
300	57
310	16
279	408
356	56
305	98
346	81
285	219
304	179
305	398
293	120
347	16
290	111
300	51
345	127
81	95
373	151
254	81
380	225
312	221
260	5
349	191
299	244
293	99
384	385
301	7
344	405
290	8
342	23
279	147
300	19
339	113
351	26
258	24
306	7
277	20
306	248
278	416
321	225
379	41
384	168
369	241
356	7
379	139
351	204
346	104
335	81
341	418
347	12
374	23
382	194
358	8
255	7
324	134
337	18
376	193
288	79
352	64
337	9
341	106
382	27
305	84
346	234
308	106
79	7
274	19
125	36
342	83
261	184
341	6
304	132
274	41
340	196
334	127
81	3
320	413
273	115
382	204
378	195
315	81
332	53
298	58
294	222
300	56
347	21
273	123
305	198
269	45
293	56
300	206
309	208
347	411
382	199
267	28
309	7
350	111
347	60
349	162
354	123
234	29
287	7
383	81
21	11
305	81
341	95
352	18
270	79
384	124
378	153
293	24
266	22
334	2
267	47
384	145
273	111
301	171
334	40
277	402
319	57
272	106
298	79
273	230
393	241
296	209
365	192
356	81
311	93
325	180
276	227
342	79
309	7
347	79
313	417
272	79
346	131
355	27
335	219
335	22
336	191
266	80
355	388
298	24
256	155
81	138
375	228
349	174
381	129
333	11
348	11
293	79
315	150
264	106
351	177
325	400
298	101
304	80
266	225
323	121
355	52
383	32
300	219
305	10
264	79
269	190
344	131
336	233
378	30
355	230
358	128
341	238
342	183
256	99
270	8
377	2
276	106
375	122
283	2
255	37
294	93
288	2
313	36
271	99
327	79
284	396
345	97
297	15
287	100
341	23
310	72
356	22
339	16
315	136
355	231
344	42
353	103
340	407
344	61
299	229
318	7
264	7
380	30
362	216
346	195
39	117
124	15
310	79
309	8
279	7
258	236
296	27
379	80
342	14
299	46
383	118
374	6
342	36
293	403
314	20
324	79
310	43
294	34
313	79
288	7
338	91
346	106
255	7
364	53
308	175
287	401
379	222
286	7
358	85
383	391
124	4
342	19
347	223
319	172
299	7
295	411
378	7
294	122
275	15
295	7
377	393
293	119
305	80
371	79
299	221
304	232
123	79
304	422
311	141
336	227
289	92
324	51
252	122
279	403
298	176
352	398
356	32
274	21
314	183
305	17
318	8
336	54
356	73
256	105
304	17
289	106
314	7
352	131
331	157
371	15
264	58
287	23
275	69
366	397
356	79
352	13
335	32
341	37
368	219
260	389
287	219
302	219
377	159
303	149
330	121
124	7
289	84
376	45
345	409
313	395
256	414
339	412
286	404
309	79
250	29
300	193
380	5
276	80
327	227
278	178
295	19
382	81
278	14
255	79
356	385
285	140
275	246
347	93
347	28
333	116
275	173
316	8
314	212
336	14
289	57
336	102
357	31
293	219
382	421
356	33
305	25
273	116
297	390
278	104
342	8
267	226
338	142
275	385
335	63
314	120
260	392
335	245
279	227
287	7
277	74
347	57
250	127
374	29
348	39
356	11
349	89
314	15
305	71
345	106
351	106
338	158
341	19
331	388
310	6
299	16
334	51
325	79
337	146
315	215
320	34
305	166
379	88
280	79
276	7
310	68
347	87
21	99
375	111
278	201
298	123
81	137
382	111
309	247
342	214
275	206
318	122
305	8
355	106
294	215
381	123
378	137
314	56
355	163
344	391
300	389
342	8
356	12
321	15
284	7
347	19
280	90
356	51
266	80
338	27
290	57
375	45
336	7
348	11
332	385
349	51
337	11
370	15
356	14
314	194
329	31
298	93
305	22
290	5
335	25
363	19
345	131
346	123
259	79
335	140
290	242
275	16
377	185
304	18
352	62
274	79
319	179
296	44
279	110
340	16
309	2
321	143
276	179
328	7
300	32
299	223
335	220
346	4
336	51
305	96
305	10
307	102
296	385
272	77
298	188
286	189
271	96
355	107
278	7
255	169
281	84
348	9
278	8
265	239
297	217
260	394
273	26
383	6
359	79
338	220
255	79
330	84
300	49
277	108
292	127
278	79
326	207
335	7
350	7
258	391
315	93
266	143
347	161
310	165
317	242
284	218
288	80
345	156
384	243
266	7
355	229
347	5
384	79
377	415
308	186
380	93
290	415
314	9
384	229
347	12
293	7
262	67
355	136
294	7
305	205
290	83
260	25
266	79
289	152
325	402
256	6
347	8
383	51
307	34
327	219
290	20
281	162
300	222
313	222
300	41
329	7
367	220
260	399
250	421
347	228
340	1
290	202
123	80
308	137
299	164
337	51
286	79
378	408
272	167
381	404
378	231
375	222
352	136
334	79
337	163
347	157
290	34
340	107
382	419
274	196
290	223
346	8
378	223
371	130
337	79
341	183
276	216
355	40
260	93
275	117
324	395
322	84
355	101
318	393
307	31
355	25
337	79
326	136
315	224
275	7
286	35
314	187
289	79
301	16
381	93
256	136
347	126
338	391
324	227
313	99
306	8
353	82
349	7
349	79
379	29
310	221
342	79
382	127
291	27
281	7
383	407
347	160
345	120
351	110
334	2
271	220
293	11
337	222
308	183
298	79
383	133
347	106
276	25
378	7
323	18
265	420
351	62
255	14
275	96
343	20
279	99
309	221
379	393
337	110
286	41
309	19
336	83
81	237
384	24
341	85
270	111
253	138
274	136
286	55
290	235
302	99
282	81
339	110
292	18
352	394
307	114
266	211
355	10
270	239
338	237
310	131
