422
346	7
346	23
344	80
318	22
305	385
292	196
309	80
286	393
292	76
309	104
335	406
273	42
335	24
307	7
286	219
21	411
349	227
300	7
258	93
288	130
378	7
306	189
276	11
259	29
250	159
252	19
355	147
379	14
304	11
297	239
294	248
279	5
383	195
289	412
335	22
342	29
375	7
262	45
300	85
337	206
337	405
308	417
286	222
393	51
287	92
250	79
320	99
276	106
379	10
293	245
348	161
334	191
125	407
301	152
352	12
313	402
326	405
342	7
275	5
335	227
298	6
339	131
318	7
360	7
348	79
350	112
338	116
81	140
290	162
340	18
273	20
336	186
313	123
310	242
335	79
376	79
280	222
256	20
310	114
332	25
358	28
264	119
314	25
384	421
305	143
335	19
364	83
301	14
310	7
337	81
81	138
314	153
346	61
282	139
322	395
279	8
270	19
339	221
275	223
305	184
315	25
288	79
346	20
351	219
313	107
374	47
347	18
337	79
341	190
254	124
287	106
39	32
347	7
266	113
378	9
357	85
382	23
355	385
356	35
301	59
309	48
276	221
342	79
255	136
324	403
271	202
260	188
327	17
377	155
382	79
355	105
341	102
272	99
378	81
264	411
278	93
384	404
301	403
255	387
321	385
277	416
267	110
379	14
310	2
358	51
353	7
286	66
336	16
344	7
305	79
310	203
324	108
280	8
335	9
346	178
371	220
327	222
339	131
272	37
293	51
270	111
384	19
347	7
305	15
341	8
299	93
279	40
264	117
343	5
272	70
320	106
374	202
379	131
287	192
289	71
333	81
341	79
380	179
279	132
382	57
356	237
269	150
298	136
381	5
367	8
382	109
375	111
295	22
376	100
298	80
377	22
264	143
381	11
336	231
344	81
290	81
336	13
124	131
305	122
335	167
294	18
347	11
349	234
336	93
272	8
333	82
356	7
351	180
384	214
310	94
331	393
342	22
314	183
302	99
309	191
340	420
338	79
314	4
285	79
305	388
337	3
304	122
293	80
299	220
270	29
310	79
81	20
342	203
277	157
314	110
309	11
339	120
341	36
284	15
379	385
341	40
278	8
300	114
327	31
335	114
315	81
342	194
374	115
310	53
314	48
296	403
378	169
361	62
255	10
286	85
321	155
272	41
356	385
379	19
338	8
356	53
356	110
377	222
285	81
288	419
123	43
297	166
309	227
288	8
345	223
290	14
272	181
337	2
352	183
298	99
289	410
315	156
357	50
346	106
338	161
278	7
298	11
294	6
278	232
334	227
362	90
356	175
384	409
326	79
294	225
273	27
348	80
349	236
350	19
347	79
304	106
378	127
325	84
356	15
347	6
286	136
347	120
345	49
289	99
347	420
256	79
279	5
318	229
256	229
377	96
253	52
365	408
377	171
327	2
256	24
295	32
298	149
358	391
381	10
337	391
275	394
324	413
378	41
273	122
322	113
345	77
373	111
286	389
267	25
346	398
265	163
260	45
272	44
258	418
297	95
336	34
310	106
378	122
376	21
334	34
352	79
329	72
320	389
342	219
261	65
264	10
313	79
380	230
274	223
301	96
276	84
349	79
313	79
274	80
375	388
321	69
275	122
270	7
355	136
352	57
377	41
285	30
379	45
309	79
284	219
378	219
305	7
340	8
260	146
355	386
352	118
338	7
257	79
311	196
293	44
355	36
277	25
384	79
347	5
123	8
336	24
278	247
340	64
274	103
275	397
355	79
310	15
290	98
383	7
371	63
332	393
279	86
274	391
263	220
285	53
328	7
304	415
338	223
81	57
260	140
309	34
314	391
375	15
276	8
356	52
376	84
356	79
374	46
349	5
267	221
345	398
266	106
309	56
383	110
355	138
313	19
337	241
300	168
333	58
234	239
262	122
318	8
298	7
337	79
352	68
375	228
346	223
294	57
347	392
355	242
315	7
323	96
325	243
294	93
368	160
123	7
293	394
349	100
342	96
265	80
290	12
347	193
310	95
384	31
298	123
281	229
266	79
293	51
355	127
255	18
300	197
346	134
346	183
342	211
298	121
297	193
334	129
380	27
351	79
378	220
287	198
347	218
309	7
383	12
300	9
299	80
299	123
347	93
340	11
305	131
383	51
266	84
314	2
291	93
341	123
299	385
369	7
326	106
81	91
334	20
334	201
352	100
355	219
256	191
79	166
334	51
284	209
346	79
347	99
310	32
290	170
337	237
287	226
316	105
380	14
275	51
313	32
341	411
296	111
272	176
351	27
382	56
125	19
353	79
379	133
307	158
289	7
308	106
355	405
342	104
300	216
267	233
288	207
319	117
305	107
290	29
277	80
81	165
375	27
260	185
298	85
383	80
325	10
315	52
335	2
375	7
311	56
356	144
305	222
256	136
347	206
356	26
344	7
266	162
323	26
331	408
276	212
337	35
347	143
323	219
289	213
356	224
309	200
300	225
266	79
277	6
336	227
305	18
338	84
335	179
356	217
260	415
348	409
314	229
298	23
299	45
278	93
290	99
303	137
347	84
333	226
287	179
372	237
384	6
345	123
344	6
307	184
269	230
351	16
342	17
301	2
288	93
290	136
345	180
336	79
256	56
275	8
304	393
302	33
266	16
297	85
356	422
260	146
293	229
359	87
311	126
344	208
341	23
355	36
337	25
347	399
272	30
335	123
300	27
378	235
326	7
384	225
355	127
258	17
309	79
291	25
288	60
322	106
323	141
335	51
285	16
309	59
383	163
336	79
377	79
347	205
266	34
300	240
324	24
81	7
268	106
299	10
347	225
352	4
348	14
300	83
295	10
343	42
274	199
384	10
346	8
250	7
300	34
319	21
330	7
349	29
330	88
305	164
251	215
309	137
379	11
332	204
371	102
270	391
354	79
280	58
270	110
379	116
305	99
304	183
258	7
293	7
338	216
349	14
124	79
264	148
380	67
382	401
290	73
278	8
273	173
380	137
308	8
355	57
304	393
378	51
275	16
300	80
278	53
305	195
260	64
305	1
293	104
124	7
123	79
381	120
382	7
326	241
345	120
346	219
338	8
310	119
310	99
305	27
358	79
311	79
381	93
21	222
312	13
363	246
279	210
342	106
250	421
258	16
347	244
274	29
289	23
300	110
340	32
355	106
300	79
264	26
334	8
384	128
379	221
345	194
278	99
337	142
276	7
374	40
270	228
279	138
298	62
280	145
377	57
304	101
296	7
344	15
366	204
260	396
294	15
324	391
296	79
342	16
280	8
377	418
305	22
289	38
382	127
347	17
315	83
329	45
298	7
81	101
293	136
335	31
356	131
308	391
271	393
336	26
314	57
305	174
355	194
314	134
356	79
341	177
329	79
352	25
275	16
377	7
371	97
318	106
308	225
377	52
305	93
319	172
264	11
274	7
374	135
301	400
258	229
298	78
332	151
340	215
271	81
377	79
271	106
347	15
351	14
321	402
279	54
382	79
276	28
338	7
294	101
267	41
341	7
255	231
290	219
336	79
383	80
278	89
255	390
296	93
370	404
305	27
306	39
337	385
382	16
347	122
273	182
317	111
383	80
303	15
256	53
306	25
283	75
307	154
342	225
347	127
288	414
325	395
283	121
347	15
298	56
315	128
290	19
314	22
299	249
378	40
349	6
348	111
266	102
271	11
255	26
281	7
270	74
347	187
298	23
275	157
352	56
281	37
324	95
333	81
266	222
348	55
290	137
341	407
124	7
345	238
