422
352	7
328	1
297	146
279	96
375	165
309	89
298	37
278	122
329	127
335	248
383	10
351	405
307	57
320	228
309	385
305	83
278	57
384	16
379	22
280	79
310	110
299	221
310	53
278	85
382	108
294	167
349	32
335	235
278	185
250	249
305	71
319	62
384	151
281	19
252	136
337	136
311	390
383	14
260	22
304	172
361	225
356	106
258	16
355	5
294	164
383	18
277	31
294	415
355	36
377	128
286	101
279	8
253	111
272	2
272	93
271	127
274	23
332	386
305	230
339	222
356	8
349	397
288	229
267	5
256	19
124	191
357	84
304	35
347	11
347	107
124	14
324	23
310	401
337	216
335	15
305	166
323	79
327	7
285	243
356	65
124	110
334	149
384	56
285	201
250	106
380	221
345	184
365	113
334	112
346	21
344	8
310	11
349	202
384	140
299	85
266	114
336	88
296	18
301	132
271	8
356	8
322	411
356	111
274	48
299	99
342	82
358	220
123	80
345	17
276	21
343	389
382	222
276	12
384	391
315	102
305	79
375	188
305	93
293	229
376	56
380	393
380	7
371	16
318	87
278	24
342	137
341	409
261	100
350	153
355	79
304	79
266	121
335	26
356	404
276	84
356	17
309	14
341	416
384	79
288	59
340	157
381	127
298	22
341	17
318	246
279	75
346	111
351	45
288	80
303	13
289	30
315	34
123	93
347	238
293	171
270	42
346	9
340	18
306	182
264	7
313	207
313	399
263	166
305	15
279	137
348	27
305	79
379	104
349	56
338	79
319	219
326	150
347	239
375	100
356	122
307	193
300	95
378	19
337	8
346	27
260	79
309	226
305	7
341	80
301	11
347	7
384	413
264	15
353	400
393	84
267	10
374	100
378	7
278	22
338	240
336	79
336	213
342	46
335	219
260	106
345	80
275	131
339	106
301	93
318	391
338	27
344	7
326	111
255	31
348	205
285	407
315	206
266	98
347	80
345	163
382	79
356	28
272	106
275	7
384	407
341	11
269	79
274	29
338	391
258	236
299	231
344	388
284	7
272	27
270	220
355	79
276	2
345	7
310	96
380	7
377	25
356	29
296	2
311	9
299	394
378	53
346	99
366	133
309	6
307	227
292	232
347	418
321	417
335	94
301	7
335	239
278	25
270	79
352	385
341	209
349	79
333	123
305	19
290	99
352	68
356	102
342	81
335	79
315	393
286	143
377	34
300	39
300	40
314	25
305	155
290	223
314	79
258	103
285	14
274	49
262	195
280	127
378	23
347	51
81	130
377	131
347	20
384	79
272	106
347	106
348	8
273	72
341	405
298	159
345	8
301	219
342	64
289	19
338	203
362	85
278	134
298	179
255	241
300	210
260	80
379	245
376	174
270	194
380	101
336	96
305	29
324	51
292	40
378	5
347	59
304	137
264	234
300	131
288	92
324	5
347	15
315	388
340	51
278	32
234	43
369	421
335	93
290	227
342	19
340	16
380	415
285	122
383	36
288	14
337	8
314	79
374	37
288	211
382	34
346	391
319	7
266	181
347	7
79	107
272	32
275	19
305	18
259	81
347	106
351	93
335	22
381	5
334	31
347	24
305	23
305	222
332	206
323	26
355	215
275	146
338	22
339	387
270	17
334	412
315	204
286	123
283	242
310	231
310	114
270	40
279	38
320	180
298	421
81	123
309	186
333	197
258	8
298	79
289	26
299	111
335	32
377	11
293	93
304	120
298	169
382	79
298	136
298	106
274	10
377	99
294	6
309	138
374	27
268	110
314	106
312	7
344	6
293	81
314	79
364	106
300	420
382	56
355	138
347	229
81	7
274	119
290	96
264	222
360	79
347	410
264	143
123	229
341	391
273	402
326	229
310	221
333	23
313	8
347	73
378	237
288	117
289	95
304	26
378	62
340	80
264	53
272	64
347	15
354	161
355	212
314	12
275	7
256	25
288	14
355	405
374	6
256	4
297	45
356	66
342	176
290	139
317	127
353	60
324	122
290	229
349	35
374	52
294	106
295	136
309	52
294	57
341	105
375	148
337	70
375	156
310	79
356	67
255	80
314	10
378	117
383	81
337	93
371	192
267	7
314	128
382	7
351	29
349	10
337	5
286	7
321	219
264	81
277	93
347	147
279	131
341	237
355	8
290	79
125	183
355	404
335	111
379	220
256	16
303	141
257	84
325	227
334	120
371	196
336	187
329	56
296	178
342	14
347	51
305	389
287	15
256	19
331	24
305	194
269	110
352	56
378	115
258	15
377	219
286	179
310	223
308	180
327	53
343	183
344	13
325	15
290	41
300	122
325	142
299	6
355	79
296	105
81	7
358	16
372	191
300	79
375	81
277	22
383	19
255	32
294	244
346	20
283	45
300	51
356	120
348	137
274	411
377	184
286	175
81	7
356	168
316	228
383	26
300	227
308	25
332	208
338	104
270	16
290	79
314	10
347	8
266	5
124	93
276	225
321	406
279	230
293	422
333	63
329	106
298	101
346	161
275	76
342	134
352	81
276	42
311	222
370	10
378	7
336	79
363	124
287	157
293	24
377	25
357	116
339	393
383	83
337	122
277	177
305	40
318	41
315	403
358	144
330	23
342	86
281	27
290	242
260	392
324	2
260	140
273	7
309	155
304	136
258	215
374	78
313	34
289	79
371	79
260	7
337	12
337	52
255	11
313	51
379	6
276	44
352	81
277	385
280	418
348	58
349	110
355	225
346	20
260	152
352	14
256	200
279	135
308	219
338	51
250	85
323	79
342	16
279	225
381	7
298	419
340	199
355	11
309	118
333	196
338	48
342	385
273	8
382	126
301	7
251	7
299	99
318	225
327	121
377	203
346	55
298	191
382	2
325	79
281	29
310	79
297	79
358	18
321	202
345	80
367	3
81	104
280	58
294	79
376	8
293	7
287	198
356	7
284	403
305	11
347	395
330	15
335	79
322	45
345	84
355	385
275	219
377	173
347	120
355	116
376	25
272	393
381	50
290	247
310	93
302	106
347	411
125	136
265	79
276	11
313	204
326	4
271	119
379	102
346	122
337	10
287	79
340	183
295	7
336	241
334	57
349	51
300	41
81	79
286	99
309	223
291	45
384	393
296	79
336	8
314	90
266	99
300	179
345	123
341	74
308	79
291	190
298	154
379	79
293	69
335	170
373	8
314	99
342	138
305	163
289	27
379	218
379	36
326	391
309	7
336	81
282	214
267	20
271	227
382	8
342	220
344	106
280	183
352	16
375	385
275	7
304	233
302	223
278	7
290	28
266	54
381	80
293	9
379	44
336	7
260	402
352	237
270	20
348	7
123	79
264	420
379	193
306	7
306	408
273	217
266	409
297	7
81	385
377	80
272	395
310	61
336	47
266	110
255	57
287	129
289	136
305	131
293	97
311	7
334	2
275	216
334	99
298	222
324	219
297	79
320	53
300	8
355	15
331	222
21	160
39	109
347	391
295	25
298	393
308	83
355	7
300	29
368	194
267	7
338	113
384	226
352	131
271	57
378	145
322	225
309	414
344	408
337	189
262	195
275	80
378	162
323	6
256	30
256	80
255	114
266	221
332	85
313	79
348	91
337	11
337	224
265	52
284	398
346	398
273	7
254	95
356	33
351	57
290	7
327	79
307	162
309	396
314	123
359	403
336	7
347	41
301	158
287	34
250	223
351	219
383	93
300	77
298	84
21	143
341	99
350	25
289	51
346	394
310	123
