422
297	27
290	24
275	79
286	14
337	14
347	15
315	79
273	400
124	123
305	11
300	232
378	34
384	29
266	79
355	22
304	397
255	26
378	219
377	385
347	183
326	150
298	56
346	7
379	219
290	7
346	222
305	149
374	23
123	207
258	79
344	405
319	111
335	192
348	18
336	51
275	53
332	106
307	225
321	81
305	143
290	393
384	106
337	163
383	8
289	105
327	6
352	48
337	32
381	15
291	81
265	223
352	27
337	93
383	56
347	136
374	393
270	79
310	57
340	395
384	193
290	408
305	399
383	106
279	385
345	11
300	122
124	88
380	221
355	79
347	127
379	151
364	58
341	7
262	57
270	6
355	131
310	8
380	15
336	121
333	29
250	99
266	390
381	145
279	230
273	6
272	7
278	25
335	7
275	106
336	411
271	80
310	32
283	222
311	215
382	27
355	64
346	139
382	50
284	148
340	393
366	93
356	19
300	23
286	23
340	229
313	101
319	26
384	183
321	81
256	410
338	407
278	208
336	413
39	29
280	1
304	7
271	22
272	7
342	227
341	138
81	113
356	34
276	237
266	79
277	127
330	79
288	420
357	57
376	106
264	9
383	112
285	167
377	87
309	85
302	7
381	134
300	220
289	99
332	106
355	185
298	229
365	27
356	20
300	168
383	114
342	5
378	17
379	14
347	406
334	7
314	18
320	219
324	213
315	398
299	227
277	79
346	222
380	84
334	386
296	19
344	122
271	7
384	80
342	114
304	162
272	51
256	86
287	7
340	211
250	8
352	2
287	79
299	40
352	79
308	20
294	79
334	224
273	219
305	242
295	420
347	116
376	175
270	10
264	198
325	248
21	133
314	393
315	8
253	122
375	11
335	421
260	79
326	69
264	41
298	215
314	84
347	93
287	225
356	142
310	79
310	172
345	177
335	79
124	51
306	243
352	396
349	37
341	79
306	93
299	194
286	105
305	210
260	7
338	24
305	127
326	93
349	155
356	143
379	17
250	408
347	99
274	79
377	39
377	52
290	398
352	4
384	20
293	231
330	226
290	7
312	219
349	166
310	8
352	7
322	194
338	84
296	8
342	71
81	93
305	93
384	405
321	223
371	15
347	7
335	194
345	96
348	74
355	93
341	14
278	15
301	24
278	80
324	101
251	227
305	415
310	136
300	7
342	195
357	123
328	404
295	94
318	21
323	233
378	80
334	106
298	179
286	75
378	85
314	219
351	411
354	16
277	98
277	155
372	229
345	169
81	10
342	123
377	110
266	79
342	80
293	27
337	110
325	144
258	138
287	32
296	7
309	79
322	249
264	11
304	8
310	2
346	81
275	140
358	102
375	389
299	57
314	10
337	34
300	242
288	56
81	111
271	391
294	411
341	10
310	26
279	34
309	7
271	407
380	59
325	45
269	231
347	130
347	110
310	11
321	79
338	90
349	41
318	51
359	223
259	66
376	106
333	136
309	131
381	36
260	2
345	100
276	184
262	3
384	13
380	8
375	131
301	7
309	162
279	4
326	8
349	99
296	14
341	106
356	247
371	15
305	16
356	72
310	85
256	10
314	79
281	180
320	27
298	146
352	53
296	51
375	120
280	78
355	394
305	116
305	48
272	25
339	5
336	53
378	124
349	103
307	68
340	163
298	16
264	80
351	158
255	30
79	122
371	179
273	203
335	104
333	26
382	11
280	12
256	85
305	403
345	23
356	30
295	19
304	40
300	62
81	7
325	79
351	83
327	28
336	16
21	79
269	65
266	134
323	206
300	44
329	17
348	385
275	57
336	96
307	196
377	409
254	385
318	79
346	77
293	136
293	7
349	106
334	31
289	100
297	219
383	110
356	206
342	79
379	26
265	222
356	216
281	79
274	146
313	29
320	93
279	7
302	415
278	226
264	6
345	7
275	225
335	414
276	44
319	7
310	79
337	111
342	80
347	225
341	131
266	55
374	81
298	27
313	222
356	205
343	99
315	95
266	391
260	31
313	79
378	385
382	193
284	14
255	80
327	220
379	212
326	140
279	393
303	106
234	12
376	110
340	230
258	128
315	18
374	154
379	19
314	122
350	236
344	38
380	238
294	107
334	191
324	41
285	222
348	183
332	64
260	99
383	80
347	81
270	42
256	53
292	28
278	196
297	225
327	5
360	137
342	200
314	81
353	166
323	111
378	102
255	96
382	35
384	111
274	79
299	79
290	227
281	10
300	118
377	22
301	70
347	195
368	392
347	173
339	7
384	2
279	7
381	8
298	84
333	171
342	110
355	184
378	174
290	106
278	7
309	220
285	79
355	79
379	244
315	117
293	153
294	16
288	7
276	93
293	219
287	17
324	31
382	7
270	16
362	12
336	101
276	29
341	83
318	37
344	181
304	79
260	186
300	418
267	8
347	79
261	388
309	10
305	136
272	56
267	204
313	73
272	99
383	403
274	80
298	18
301	237
279	240
329	127
318	157
300	14
250	79
311	45
341	41
346	190
282	79
258	79
266	402
303	126
350	219
347	115
338	93
347	51
289	246
351	7
275	188
341	56
347	131
382	15
337	161
284	7
344	137
267	6
345	19
305	93
276	204
308	199
356	2
273	20
355	82
374	132
347	159
338	120
309	228
270	131
335	129
353	7
298	119
298	32
300	59
123	79
384	228
352	7
378	221
379	19
81	237
347	9
313	104
273	417
276	25
346	57
344	22
334	7
346	79
293	106
346	81
278	83
334	120
315	79
343	99
304	13
81	123
275	120
290	209
310	21
355	23
266	182
288	91
293	89
335	10
337	25
256	19
356	405
314	62
336	201
314	22
267	136
356	141
358	63
352	34
347	111
290	7
313	51
369	404
335	385
308	99
264	385
338	391
377	79
316	229
123	183
339	389
309	79
336	52
383	222
258	5
341	96
260	7
266	225
305	106
260	51
355	241
289	53
341	15
286	54
298	80
270	403
290	109
367	8
258	84
290	239
286	176
289	95
309	395
338	218
292	43
382	80
260	33
361	7
336	52
375	16
355	100
355	202
309	49
377	152
304	7
309	235
288	113
305	8
291	58
311	157
124	421
285	45
125	79
348	388
81	40
335	202
289	419
378	391
344	16
280	122
335	165
382	45
393	223
347	160
314	8
256	143
324	25
301	104
371	119
358	47
379	5
308	422
331	76
272	216
257	25
310	393
348	15
297	67
378	217
285	11
331	11
332	227
278	203
355	19
346	40
294	52
377	137
293	412
306	7
323	189
272	42
268	107
347	122
255	137
338	418
307	8
298	7
293	25
305	180
299	15
342	128
355	7
346	14
377	241
349	391
337	79
301	25
338	191
290	56
382	102
288	8
374	416
289	36
263	79
375	409
336	5
305	221
300	36
300	138
298	245
286	221
337	8
298	136
277	99
276	164
288	35
298	81
370	11
278	214
297	220
288	8
337	11
351	51
308	92
356	229
314	394
342	20
274	197
317	391
301	84
255	179
123	123
347	79
363	223
299	25
255	170
355	85
274	2
347	32
335	45
274	7
294	23
270	79
333	387
305	229
275	402
309	191
358	80
299	29
348	391
279	239
287	24
305	108
256	60
340	234
342	7
339	187
377	6
375	127
125	6
335	114
322	161
309	46
373	8
349	95
311	5
267	178
275	22
337	401
252	18
346	123
356	61
294	16
294	97
283	117
347	121
272	22
379	135
280	106
351	7
264	147
324	156
356	19
337	9
345	57
329	7
