422
314	80
267	69
285	57
313	22
329	35
313	174
274	99
316	150
371	51
290	391
39	56
347	407
379	227
356	81
291	137
269	105
355	111
356	235
347	57
304	405
288	119
79	80
324	222
309	38
341	409
291	123
356	215
378	393
318	101
378	228
253	31
325	385
356	421
310	81
264	222
379	29
275	136
356	79
351	15
305	16
270	95
298	392
257	6
356	8
376	99
256	45
287	99
81	386
299	56
282	97
275	182
383	15
338	215
368	68
280	15
273	8
299	106
314	162
275	26
313	94
267	196
383	57
275	391
321	14
278	395
305	177
315	7
280	236
293	7
251	43
81	131
309	183
332	14
276	45
356	203
275	25
333	106
377	399
348	27
294	7
314	237
260	22
379	80
347	1
357	27
270	123
347	79
379	44
356	127
377	411
293	7
124	229
381	239
342	398
345	93
308	79
260	391
124	242
256	79
346	30
266	99
298	219
355	388
324	20
349	16
319	71
342	144
277	191
293	111
279	102
300	241
270	187
301	391
258	208
340	385
335	79
289	46
276	72
380	56
278	130
365	136
276	23
337	40
341	385
296	394
381	149
313	84
298	16
342	29
325	11
355	159
305	104
310	123
310	107
276	24
305	385
347	7
335	185
334	393
347	84
321	11
371	127
318	7
299	13
250	220
300	143
286	29
342	404
304	393
335	100
338	391
258	122
336	79
333	51
290	29
340	79
264	106
301	415
294	73
298	25
380	93
290	41
256	7
275	191
266	106
349	154
314	104
307	21
374	123
352	233
289	414
279	70
332	7
325	223
310	18
320	52
381	31
378	32
383	123
345	2
318	63
384	79
264	8
383	96
336	211
262	141
347	164
340	25
337	405
346	11
259	16
341	389
300	114
340	110
319	193
255	123
346	17
375	84
305	10
288	15
349	93
271	104
285	136
346	16
349	7
309	418
314	239
310	227
341	410
287	51
250	16
286	140
384	242
347	222
379	75
271	145
352	10
309	5
270	14
255	98
337	7
271	14
347	79
347	7
298	220
375	195
290	93
260	32
294	11
255	118
315	232
380	389
331	105
279	110
334	247
355	85
356	17
380	221
305	27
309	20
305	132
378	198
329	166
299	180
337	106
275	201
315	57
298	41
319	95
277	53
337	219
330	93
353	111
342	18
326	146
285	241
381	87
337	243
304	227
304	106
286	77
347	26
378	19
266	229
306	249
355	8
300	220
384	216
298	217
310	193
341	6
363	101
274	36
267	189
289	19
352	109
384	79
334	231
352	12
383	93
358	90
295	420
379	81
321	48
342	79
336	86
347	67
289	143
346	230
342	23
273	93
307	113
322	225
287	7
371	108
371	171
309	200
384	81
266	385
379	106
287	34
272	74
378	219
310	216
378	162
382	12
270	11
355	100
314	23
376	227
356	223
382	136
361	106
287	222
286	18
383	219
264	385
349	411
344	79
310	11
340	161
264	93
289	120
284	207
336	225
255	5
272	93
320	84
275	41
374	51
293	8
343	7
352	412
337	2
298	19
384	85
293	51
256	19
324	7
334	12
271	237
304	31
346	8
292	18
297	222
124	25
354	246
337	8
379	128
123	99
375	229
272	36
379	8
345	403
355	180
279	36
270	103
333	11
298	83
288	51
266	10
317	167
369	83
267	168
340	93
294	5
324	7
327	82
347	7
260	14
311	122
289	8
272	403
299	204
279	401
377	163
323	220
336	29
358	408
258	393
333	114
256	42
269	134
274	7
351	227
315	79
313	64
309	79
300	80
263	155
379	80
322	244
309	25
346	22
325	7
352	131
300	219
301	53
332	137
377	6
373	403
320	15
346	7
272	27
342	56
349	9
341	8
378	138
341	117
299	8
260	37
347	184
335	153
339	40
356	11
384	181
300	34
338	79
290	219
304	415
278	225
306	11
335	388
370	228
255	79
344	7
335	80
347	49
290	148
382	210
321	14
375	192
258	407
250	79
265	397
278	45
314	212
252	102
332	206
278	6
298	57
336	23
273	7
277	116
345	7
293	112
347	203
348	27
377	80
352	155
310	79
356	387
342	106
335	17
310	14
279	419
342	147
378	385
290	27
278	52
265	221
258	7
338	7
335	22
384	226
341	88
393	53
345	196
304	408
300	422
347	79
348	7
298	402
298	158
336	81
275	25
308	40
278	224
315	8
290	7
334	13
334	238
384	4
260	34
273	226
358	45
344	10
337	175
304	15
300	7
339	4
266	96
347	124
384	79
340	395
297	56
341	416
328	25
378	229
305	157
279	54
346	22
346	96
352	7
355	34
345	237
351	110
378	99
255	194
278	52
297	127
342	138
266	7
256	7
335	178
268	41
256	10
382	20
324	15
383	79
312	19
310	80
293	394
266	37
351	42
347	93
296	240
296	122
313	119
281	197
318	79
384	173
377	23
289	28
123	102
367	64
374	51
311	393
274	28
379	190
295	8
335	400
296	6
276	411
305	398
270	213
292	76
329	16
382	24
276	131
305	18
336	50
382	114
310	79
283	202
347	122
348	245
278	24
300	194
323	234
307	51
374	79
294	106
302	59
383	409
298	222
338	151
266	44
280	35
258	79
267	25
380	45
314	80
375	121
351	79
374	91
337	139
123	62
270	191
272	7
301	2
326	225
315	56
346	156
309	417
274	19
309	110
305	393
305	106
350	195
306	11
305	20
301	15
331	179
344	229
355	5
266	7
300	204
21	176
272	229
300	21
297	126
310	165
281	122
274	61
280	79
362	209
382	60
341	79
287	5
334	26
335	404
345	32
382	79
346	6
308	19
276	81
125	418
344	183
326	16
334	80
307	79
327	59
275	10
347	129
305	137
309	136
125	202
305	29
124	58
337	7
378	179
335	169
337	225
347	79
293	223
355	8
376	55
260	7
277	10
273	26
342	79
280	113
377	80
294	163
377	79
303	57
290	152
314	194
300	79
345	79
288	79
285	84
347	99
335	79
342	48
234	53
260	7
279	19
281	136
356	134
305	117
311	7
377	80
382	157
336	8
278	89
344	142
338	222
359	40
352	133
358	101
344	34
360	106
81	85
264	120
311	2
326	78
377	14
284	2
296	116
288	172
382	66
366	96
272	143
347	223
356	146
286	6
315	413
336	93
374	81
274	120
353	22
271	33
254	79
327	7
298	83
310	7
335	7
345	23
293	20
355	111
336	7
349	179
298	106
81	170
343	81
302	219
309	396
294	7
305	84
337	22
309	9
283	248
288	24
290	184
356	122
355	221
290	79
303	131
338	128
308	421
355	80
256	5
323	131
279	138
313	7
288	420
339	79
293	110
298	127
322	7
326	121
262	39
300	140
327	223
383	219
342	136
123	5
81	15
314	32
355	53
377	79
81	51
355	161
356	79
290	166
286	199
314	58
324	160
330	402
305	7
290	79
341	99
288	219
305	106
364	79
355	106
380	99
261	26
299	81
276	131
375	79
347	391
81	10
301	406
375	27
348	115
323	8
372	137
309	120
301	17
338	122
255	183
250	186
264	231
347	30
277	16
289	111
297	8
348	32
333	15
352	230
300	188
349	65
299	79
350	19
286	8
314	8
294	3
264	92
347	79
305	135
339	110
351	95
308	85
305	111
338	57
285	100
341	183
273	225
336	391
21	205
295	206
357	9
346	2
349	127
272	62
337	52
260	85
356	221
284	25
377	99
318	390
381	107
355	7
338	405
81	214
376	218
348	47
