422
267	79
324	195
288	71
365	145
300	413
251	14
321	187
266	17
353	79
375	118
270	399
355	142
299	37
281	89
382	52
281	93
284	128
379	19
308	215
266	394
356	7
300	36
348	7
321	19
341	15
335	112
321	114
319	154
275	241
325	94
313	78
79	172
347	127
335	93
341	106
298	7
349	15
294	80
347	7
272	202
260	19
384	212
314	123
290	16
81	11
342	163
345	85
329	86
315	238
322	16
305	46
123	127
273	391
296	140
373	28
260	205
352	198
377	106
281	137
283	106
298	7
341	135
352	388
349	11
383	79
305	122
356	229
356	100
356	139
279	180
305	191
264	10
363	1
375	403
379	34
291	79
288	45
356	106
379	220
314	51
308	79
310	19
347	184
335	20
336	230
258	79
299	136
299	51
332	223
260	19
334	7
262	391
314	4
342	2
341	63
335	194
273	12
256	93
338	6
294	5
310	8
302	229
297	178
346	220
347	10
278	222
315	16
346	6
356	16
288	49
285	22
293	17
81	166
377	111
378	220
327	81
378	196
344	15
383	168
324	79
123	17
335	409
274	181
352	237
280	408
260	93
253	107
355	96
299	128
324	397
357	402
309	157
355	52
307	242
270	7
347	79
277	7
340	233
311	225
380	21
286	127
311	69
323	143
347	58
342	390
298	27
124	27
123	79
315	8
322	56
341	244
358	45
234	56
270	80
356	15
366	41
326	225
382	53
313	93
355	32
340	391
272	79
337	51
320	219
279	79
380	25
334	114
315	7
309	103
280	123
290	122
336	214
347	85
260	42
289	4
378	385
290	153
260	10
321	25
347	7
382	210
367	106
384	240
346	80
297	8
318	35
384	14
254	99
287	80
284	79
256	415
292	79
356	38
384	56
300	7
266	213
342	31
258	80
348	81
275	88
272	19
345	228
284	206
333	2
250	217
276	223
250	203
383	7
305	209
332	27
285	99
383	25
379	414
377	2
296	100
264	40
346	176
378	157
371	83
338	97
383	385
289	230
338	79
318	229
287	18
344	110
266	229
381	5
297	28
360	151
327	231
348	126
349	79
378	385
310	8
346	7
313	201
374	99
335	79
260	57
277	39
301	134
355	45
287	109
311	149
305	59
337	7
310	111
379	11
286	24
382	37
376	27
270	243
375	79
266	8
290	182
301	166
298	7
307	7
337	401
345	405
250	106
306	81
352	185
260	7
272	179
285	8
259	85
286	404
256	61
361	155
288	164
304	99
290	48
273	73
305	102
288	79
347	10
270	122
370	77
81	8
293	62
346	57
347	36
381	51
384	133
285	124
316	23
329	111
334	18
355	106
255	53
290	72
347	237
331	194
342	93
274	23
308	7
314	57
347	84
355	387
347	98
301	8
302	219
304	6
323	7
314	119
342	79
322	204
309	2
267	22
338	35
327	30
270	179
293	416
379	26
275	402
310	56
354	391
293	131
309	113
314	237
305	34
305	232
309	186
313	227
294	56
334	411
377	246
264	24
378	389
338	96
266	189
346	410
374	137
296	2
337	190
320	221
273	223
380	79
290	6
298	11
384	79
368	76
380	8
318	419
375	79
301	388
293	102
297	17
276	23
309	30
300	107
286	81
347	422
342	392
335	79
356	6
313	84
309	404
261	25
298	16
318	136
334	27
278	122
323	208
272	27
381	222
303	96
269	137
379	110
274	191
310	156
349	134
308	11
81	102
345	385
337	226
356	26
301	221
384	12
351	247
296	14
271	395
378	79
345	183
348	239
338	228
314	8
256	219
314	146
382	79
378	53
297	5
377	8
337	64
124	123
300	8
293	393
352	93
324	206
347	15
125	409
342	9
346	26
306	34
383	391
295	44
342	5
260	398
347	7
332	412
315	220
300	415
341	395
355	80
347	62
353	7
257	34
337	123
333	51
371	33
279	68
266	29
294	110
124	45
377	7
300	7
280	22
267	224
263	227
334	121
336	7
319	14
305	55
279	221
377	159
276	143
377	104
276	158
270	6
374	14
273	161
298	79
341	131
339	10
275	389
335	110
255	25
369	226
347	32
21	227
266	216
371	32
289	199
381	218
300	8
341	239
299	7
296	96
272	106
352	24
345	79
295	394
337	18
346	7
290	193
272	79
341	242
273	385
371	60
304	3
276	84
355	122
350	99
338	141
255	34
289	11
307	13
305	403
343	221
269	7
324	9
301	79
343	81
300	7
305	117
384	15
285	163
298	216
313	227
293	22
278	8
332	79
271	203
351	131
355	7
374	59
383	15
264	81
382	421
295	53
288	245
265	57
355	7
256	120
326	111
300	18
324	52
338	40
279	66
336	40
345	234
81	200
349	80
351	48
271	127
335	53
39	57
304	248
323	51
300	396
255	120
325	29
266	160
356	171
344	36
300	136
298	11
286	184
342	79
330	114
271	400
255	106
264	197
292	19
290	16
299	85
275	95
278	113
309	165
337	65
340	16
344	83
276	231
300	7
347	405
325	10
275	79
293	29
280	417
289	10
305	79
362	80
277	393
335	43
348	84
305	81
262	8
325	131
275	74
278	222
286	79
314	8
384	225
334	147
279	10
299	119
81	80
315	99
280	130
336	131
307	99
274	148
310	393
298	54
311	7
314	138
313	7
355	13
351	411
303	132
310	6
356	236
378	104
294	219
333	19
351	80
278	7
341	93
345	75
328	20
299	138
125	101
341	7
256	40
355	180
339	23
305	225
272	7
358	83
278	136
287	93
347	79
393	7
382	8
326	85
278	129
347	5
376	393
256	42
382	385
301	8
352	7
271	20
349	116
355	152
377	51
258	23
278	14
374	120
298	20
312	110
294	26
357	26
337	50
264	177
294	25
300	79
279	117
293	2
310	22
305	32
340	93
272	391
329	16
268	9
377	219
380	11
352	100
331	121
255	421
309	179
333	84
267	18
347	79
356	173
336	15
377	143
274	7
290	111
336	207
347	136
340	81
338	7
336	411
289	144
374	140
359	93
124	122
274	227
309	16
376	219
288	79
309	386
375	64
348	12
384	170
278	57
286	29
344	52
305	418
383	58
372	79
275	99
279	31
349	84
336	137
270	11
293	161
378	110
283	79
347	90
255	99
339	405
340	106
336	146
381	222
339	7
349	222
291	407
364	25
346	19
304	393
298	131
250	104
375	80
277	222
258	249
337	106
337	99
318	155
310	420
294	41
356	188
314	31
310	22
379	106
314	162
275	41
304	120
356	11
337	7
342	196
267	204
305	229
305	56
356	115
274	393
336	93
304	191
347	183
346	87
266	44
350	175
276	32
290	385
309	82
330	57
289	194
298	81
317	403
344	5
310	235
356	123
123	183
379	14
341	105
358	202
348	229
379	136
21	41
382	79
334	79
346	223
355	105
290	29
379	219
335	174
276	127
275	21
345	15
337	222
298	79
256	106
279	138
351	398
309	23
355	241
298	169
375	7
320	101
305	106
287	25
384	195
298	7
380	79
355	95
258	51
252	219
378	108
340	223
326	408
315	183
81	95
382	101
376	7
342	219
352	192
335	47
346	51
336	111
358	29
265	5
287	162
306	79
335	25
288	27
310	116
347	80
264	45
305	215
342	406
300	67
344	167
277	193
326	407
319	391
258	8
289	150
304	106
342	79
377	22
310	136
305	79
81	225
338	211
327	24
347	123
378	14
335	92
352	20
309	15
349	225
290	122
333	91
308	418
264	420
383	70
282	80
