422
347	223
256	404
287	63
286	84
317	190
355	7
356	79
340	133
338	394
347	220
382	19
344	110
293	7
270	7
256	155
347	177
373	237
310	76
307	205
256	180
355	387
369	79
316	7
356	72
379	41
259	44
372	113
378	85
271	188
288	119
342	19
272	219
299	23
258	24
337	407
382	79
379	14
276	101
344	106
273	79
305	24
310	40
378	79
374	64
378	9
267	14
335	12
123	12
333	26
338	7
311	194
290	67
348	57
393	122
336	136
340	229
341	37
356	41
355	79
314	172
314	7
326	10
310	15
333	27
310	243
342	75
342	102
374	122
341	79
302	145
305	178
343	154
346	103
313	79
376	8
339	26
310	32
309	391
377	144
348	7
354	93
347	16
309	51
378	56
309	10
273	412
348	57
308	114
305	179
342	106
286	391
324	162
347	83
293	74
355	391
340	43
348	392
306	23
300	400
81	85
260	221
321	157
375	32
289	95
338	61
382	14
376	146
356	6
260	29
300	7
342	242
256	183
298	11
275	410
279	7
323	57
286	122
382	99
275	7
294	79
290	79
39	34
383	108
280	421
337	45
279	101
124	193
255	29
298	237
278	385
314	137
346	192
375	132
314	96
381	88
375	19
124	40
306	134
319	409
294	248
260	221
326	162
269	81
291	7
384	57
334	79
273	165
289	100
384	399
285	80
291	198
260	127
322	29
347	45
254	11
272	25
337	65
276	189
355	81
81	45
314	16
310	52
344	29
260	7
293	229
312	385
328	99
356	6
348	25
335	215
355	2
355	238
286	77
293	11
250	416
347	201
348	175
318	19
349	22
382	106
327	11
313	228
344	27
290	110
309	7
265	93
351	5
271	7
341	17
321	136
336	405
305	13
338	15
311	84
377	207
276	179
274	106
320	129
384	89
375	223
349	123
252	51
79	131
336	35
304	16
309	223
314	2
124	78
275	393
322	34
326	225
284	3
378	182
345	163
288	245
125	7
382	7
274	134
380	220
339	64
345	80
255	111
383	99
347	86
378	6
266	32
307	22
290	106
352	7
294	19
318	5
280	241
347	79
351	398
352	6
347	413
266	212
270	233
351	34
383	18
271	34
290	393
81	415
379	239
336	7
334	79
267	25
286	104
368	184
305	161
261	24
315	85
290	229
298	53
315	121
320	58
323	155
301	121
383	84
81	411
287	30
21	216
346	27
304	149
335	206
334	7
309	18
309	119
279	411
287	105
378	81
272	222
333	136
277	29
383	53
279	229
381	183
81	196
281	403
349	229
335	209
260	128
305	227
272	8
310	136
323	18
342	79
329	404
298	41
352	191
324	217
325	15
298	8
270	111
337	79
379	114
301	8
377	26
271	241
278	18
356	142
347	80
278	52
305	388
305	143
337	79
384	417
323	127
297	57
300	405
298	166
315	136
280	59
305	79
381	50
346	143
374	206
353	51
298	219
253	10
301	23
331	221
340	405
310	91
346	39
81	126
124	118
347	395
349	7
264	56
274	185
346	138
358	96
360	199
300	7
298	157
321	14
290	5
290	36
337	106
327	156
336	8
301	15
276	4
81	227
335	80
379	14
267	152
356	94
309	220
382	80
305	1
310	99
256	36
334	393
383	5
264	7
377	95
338	106
310	230
352	98
380	15
347	73
285	20
356	80
283	79
340	92
255	202
324	120
351	123
379	138
299	17
304	20
376	81
266	219
381	141
307	408
308	52
335	14
339	79
345	418
258	22
384	79
311	242
365	85
346	93
299	17
311	79
384	7
347	25
270	181
298	80
342	193
352	96
268	53
347	8
350	80
347	26
260	45
299	20
278	79
339	6
384	401
309	38
295	8
298	235
377	230
324	51
375	104
379	8
377	33
378	202
281	79
276	407
298	81
289	127
279	131
267	120
322	2
255	117
125	122
285	25
337	393
324	31
341	79
347	10
342	123
287	385
338	32
314	25
380	240
341	194
356	59
319	110
250	105
309	111
295	131
274	127
305	406
346	7
362	12
305	227
313	222
275	15
335	391
349	30
302	51
289	79
329	117
345	60
266	222
284	131
346	215
380	124
273	221
348	23
298	122
290	7
272	83
337	216
267	84
355	46
301	106
297	138
314	81
281	8
305	93
341	99
384	79
305	19
275	9
345	171
279	123
295	8
278	85
383	25
375	11
356	41
270	19
344	24
290	194
341	22
256	227
347	159
266	422
255	2
327	7
296	246
264	106
347	16
347	7
274	196
289	7
374	14
265	8
299	7
379	79
351	87
303	7
300	15
278	139
258	402
382	120
262	17
383	391
277	161
296	7
264	224
263	7
293	79
344	227
341	195
342	7
352	153
318	239
383	79
279	225
355	102
376	389
330	184
351	226
270	52
305	5
371	143
350	394
367	56
332	7
305	219
346	80
266	237
377	131
335	191
344	29
334	8
382	79
325	204
335	137
300	40
314	146
278	5
356	113
264	110
333	70
320	5
290	2
353	176
123	7
297	7
377	4
333	107
272	99
250	414
336	415
301	6
287	8
337	163
287	421
358	22
338	79
378	79
356	99
326	20
377	110
306	111
289	102
300	211
288	79
332	225
256	56
315	15
270	122
298	22
309	186
342	20
286	53
382	99
357	419
329	93
264	148
304	130
309	57
303	151
334	79
345	170
336	222
310	203
352	80
337	390
304	81
384	220
355	13
356	79
356	11
338	7
276	228
336	393
335	388
343	174
296	100
355	84
305	19
289	418
377	47
305	79
313	386
370	8
292	111
361	56
290	51
310	225
335	90
332	42
300	135
296	173
355	100
275	93
355	385
380	25
275	31
325	27
309	40
378	164
352	93
315	16
355	79
308	158
278	203
286	68
315	7
277	23
296	26
337	11
340	391
381	127
378	213
356	37
305	123
280	116
308	11
284	7
342	9
314	80
300	179
298	395
277	14
293	115
274	187
325	7
315	120
335	79
304	93
256	180
305	22
294	409
347	218
305	231
274	219
349	69
307	28
251	167
272	83
318	385
273	99
310	79
266	210
276	140
347	136
341	80
359	2
318	55
377	137
366	222
275	97
310	137
377	168
250	219
355	79
336	16
258	128
356	96
341	10
355	204
285	62
123	8
300	99
363	208
300	402
330	81
341	16
299	6
336	81
292	191
335	232
258	58
280	25
313	48
288	420
341	11
283	16
271	8
297	109
347	7
272	7
304	112
276	160
332	7
270	147
289	95
337	397
299	214
264	66
314	34
282	71
308	229
266	106
347	79
300	8
294	10
375	51
262	79
384	31
374	23
364	236
293	79
275	28
374	398
336	195
334	385
313	93
277	80
379	18
357	19
260	10
279	79
298	79
275	110
380	54
294	385
346	21
255	62
278	49
313	82
347	169
355	420
345	84
384	106
346	150
293	223
285	106
345	7
326	101
234	36
327	222
371	403
340	140
331	183
335	114
300	57
358	10
258	106
123	56
290	408
288	393
288	226
260	106
346	32
336	15
342	244
356	131
358	8
288	93
352	389
255	79
294	136
337	106
349	247
347	51
379	11
338	219
347	27
304	122
294	249
272	225
378	45
288	219
273	411
309	107
257	222
371	234
319	123
293	391
298	396
342	53
314	16
379	200
279	223
278	93
293	225
300	48
269	27
81	219
349	42
342	231
266	111
266	166
21	7
297	93
349	79
334	15
324	104
337	35
345	197
264	183
371	403
338	8
300	51
301	21
352	116
321	27
299	44
