422
279	136
260	239
276	15
380	93
342	79
281	8
278	14
298	106
305	2
373	240
310	143
293	106
258	163
356	7
270	8
346	102
326	137
272	40
278	237
298	56
293	220
379	31
382	131
337	79
356	170
324	139
258	219
348	25
295	94
356	2
253	183
274	162
289	202
124	75
301	41
314	16
337	46
331	15
372	20
332	21
325	421
377	385
352	5
341	172
272	153
277	27
307	210
344	86
256	81
376	93
335	106
356	5
382	171
309	127
341	389
256	7
318	10
320	16
296	45
288	81
322	99
352	404
338	385
124	19
277	38
276	8
324	194
379	101
256	22
383	26
340	27
315	215
309	79
336	43
290	187
309	219
327	4
294	394
341	168
344	79
348	55
309	121
337	25
270	106
356	227
300	56
323	95
346	16
338	7
276	48
382	391
375	37
293	20
304	2
305	127
289	79
338	229
264	173
275	222
314	206
355	79
264	53
318	23
39	157
277	79
306	42
378	418
290	197
280	18
383	72
266	419
297	129
123	29
285	7
330	386
310	79
334	69
347	29
351	80
256	120
275	208
377	22
274	14
287	27
347	48
302	7
279	85
324	56
123	79
377	199
356	221
333	11
270	160
279	190
337	79
256	53
255	26
342	395
338	10
378	8
350	22
267	79
371	10
300	102
319	80
375	80
346	27
334	6
304	195
354	52
343	79
272	132
274	19
124	25
336	225
264	79
342	84
270	177
266	15
351	229
264	36
310	223
316	37
337	45
364	6
383	138
341	111
350	25
266	19
347	158
313	119
339	164
262	403
348	222
263	123
279	227
260	51
309	79
286	16
379	241
275	110
281	7
313	188
336	237
349	93
318	7
311	114
278	140
347	45
256	116
283	148
381	391
336	422
351	36
347	79
300	100
338	223
348	8
378	138
287	11
305	104
384	29
346	96
376	7
336	405
297	84
342	7
285	393
300	6
384	8
344	225
353	57
349	385
291	70
349	122
308	51
375	179
282	408
356	106
383	241
305	229
332	226
261	40
355	7
294	231
358	127
271	52
341	3
363	29
289	16
315	112
346	79
251	222
347	117
355	64
290	77
293	7
337	79
366	166
328	23
337	2
300	36
300	53
321	44
311	137
362	19
384	106
300	7
341	14
279	183
309	30
355	225
342	8
377	13
304	196
320	221
349	388
299	226
347	19
305	7
295	136
378	98
351	7
314	51
374	51
315	18
375	155
305	8
258	93
294	150
301	10
264	80
332	8
309	202
290	242
299	8
296	113
340	79
258	219
304	410
377	123
352	12
311	131
341	400
377	34
295	7
352	34
280	79
300	11
274	57
308	416
270	212
371	204
275	7
326	192
310	17
267	141
255	205
294	95
341	147
377	93
275	227
327	102
380	52
124	128
301	243
352	137
375	14
299	7
334	111
265	27
323	111
374	204
277	110
317	178
382	27
294	14
326	128
355	207
256	31
305	114
352	20
305	142
81	99
375	30
367	403
303	26
250	26
290	113
284	17
309	79
334	103
352	7
340	45
300	99
264	110
331	51
310	131
262	106
369	7
355	222
298	22
341	16
340	25
360	79
379	183
259	144
293	131
357	239
293	248
318	420
377	93
276	122
290	85
290	45
365	12
337	80
270	35
351	130
382	99
319	42
278	1
323	408
298	81
382	390
267	201
21	19
310	79
349	16
266	79
378	11
370	165
298	121
273	411
305	10
345	232
358	25
314	7
310	99
384	387
268	79
356	57
265	122
264	8
347	11
270	185
341	7
337	56
381	220
347	196
308	218
305	50
355	152
292	401
393	223
313	107
255	21
305	105
342	8
315	219
356	85
305	84
382	180
314	162
275	5
307	193
310	136
278	53
271	84
289	80
380	122
383	56
355	7
266	80
274	85
309	166
308	391
335	179
279	182
342	238
321	79
382	83
290	388
348	7
332	189
269	39
358	134
289	99
329	93
290	83
342	200
296	126
305	246
335	412
125	93
345	79
315	54
257	105
256	216
307	81
286	20
347	399
335	7
324	11
340	93
315	157
273	34
260	385
378	395
352	136
266	79
310	24
277	82
298	66
355	7
355	79
337	18
344	74
325	11
378	237
352	156
266	163
266	7
384	406
342	228
264	80
378	7
380	107
313	417
358	411
298	115
81	57
286	8
345	65
273	106
299	7
286	26
355	146
288	117
327	9
356	78
349	405
290	28
300	389
356	9
273	161
273	391
347	116
275	133
356	194
314	20
378	99
255	24
288	100
347	219
260	219
254	420
336	58
300	183
348	11
271	59
308	7
289	83
356	206
304	80
348	5
288	22
290	217
376	25
341	51
384	6
272	220
278	96
269	32
347	221
285	236
81	7
313	62
285	229
297	12
381	110
252	51
334	79
383	222
347	154
345	123
287	31
356	104
339	7
384	32
338	19
299	87
336	89
284	8
273	81
267	11
371	7
283	392
337	57
296	23
314	76
266	414
266	418
335	411
300	402
347	79
357	100
335	385
258	131
314	29
338	7
355	179
329	25
301	120
384	53
352	29
274	81
276	405
335	175
321	184
272	79
335	213
351	209
346	14
299	22
297	47
371	219
347	114
355	19
297	57
309	176
312	111
314	96
355	111
356	51
333	49
339	228
342	7
345	151
292	27
335	44
276	99
291	393
336	41
275	23
81	93
333	191
81	216
346	222
289	244
299	40
301	7
338	79
381	220
255	58
379	71
298	79
314	5
272	8
335	398
345	18
324	198
347	110
343	110
260	215
314	79
335	225
288	413
310	15
293	118
309	227
338	19
298	8
260	122
359	193
287	32
305	7
355	403
280	184
275	106
310	120
304	79
279	8
349	123
346	203
304	137
377	7
307	23
305	79
378	6
355	67
379	63
271	99
356	28
294	225
326	159
346	79
299	68
322	7
374	127
383	124
347	56
313	5
298	104
338	211
298	61
290	415
309	169
250	15
340	7
379	191
293	123
276	59
382	81
275	393
272	73
356	32
337	88
355	242
333	229
327	136
374	2
336	80
342	15
311	57
309	247
379	93
313	122
384	41
294	80
318	249
81	180
260	191
335	223
349	393
298	81
320	149
81	109
383	14
378	203
324	122
337	79
309	161
336	385
125	64
342	194
281	11
298	7
344	90
294	81
288	155
260	10
21	79
374	227
333	10
298	24
336	407
325	80
345	25
334	106
286	95
79	136
381	15
305	135
326	145
278	106
323	79
305	91
288	96
346	229
344	92
272	79
300	8
303	62
340	120
250	16
347	51
377	8
374	6
287	230
306	186
310	415
325	123
310	230
334	85
321	97
380	24
345	15
278	17
123	224
267	140
300	13
305	101
279	409
301	79
304	79
305	391
377	134
347	222
270	84
290	84
315	393
322	93
347	235
347	79
300	385
342	174
278	16
305	221
234	6
287	131
336	106
293	421
342	34
347	34
306	245
345	146
384	18
375	22
271	407
335	5
379	391
337	79
286	396
339	14
335	80
379	35
361	111
260	402
286	167
346	225
296	219
301	10
279	409
347	195
255	106
298	397
353	404
258	15
380	231
293	101
377	219
289	41
81	181
347	136
378	60
346	7
349	9
344	23
319	7
272	223
379	127
255	108
334	40
274	234
305	79
298	143
280	7
276	2
383	79
284	4
278	7
341	394
368	393
285	214
310	233
329	52
280	391
302	119
123	33
330	99
382	32
250	7
314	17
384	15
288	138
347	398
347	106
376	106
346	143
