422
300	219
305	123
315	27
320	166
334	27
294	228
310	179
373	37
380	66
342	93
378	123
264	127
346	140
355	11
270	34
260	101
273	8
310	44
298	157
274	41
288	111
288	192
384	8
356	5
305	178
356	51
326	7
275	78
275	39
297	7
314	120
356	50
81	111
384	64
282	2
382	391
289	180
275	14
314	53
313	81
286	417
378	6
298	393
338	84
338	45
371	29
270	413
314	186
255	79
380	237
301	99
375	7
300	25
275	200
324	222
278	31
380	143
349	137
382	173
310	20
344	190
81	11
298	40
294	7
321	106
296	106
382	148
264	159
336	19
383	18
256	7
290	393
371	20
371	405
301	79
349	5
346	101
349	204
310	138
290	146
81	83
279	79
270	14
374	35
294	102
312	393
277	401
343	57
300	113
382	391
281	415
265	8
342	187
274	22
375	25
333	8
356	133
269	391
382	222
273	88
378	25
347	154
347	57
281	10
284	19
381	147
299	81
309	19
270	118
352	227
316	58
272	196
280	99
374	236
336	95
278	128
278	243
250	396
81	34
275	110
275	223
290	30
347	151
355	16
260	140
327	181
346	216
287	161
341	230
344	21
326	79
302	211
274	183
355	418
289	240
315	45
311	419
267	85
267	194
345	225
375	8
377	47
314	93
260	122
349	70
273	80
365	12
293	214
351	71
330	53
377	7
277	191
348	8
356	196
298	79
354	168
356	127
313	7
81	7
301	81
356	79
300	99
307	233
336	7
304	239
310	16
288	84
333	52
342	79
351	106
319	117
355	106
270	64
355	62
275	79
258	155
382	82
378	116
342	45
378	26
277	229
267	206
268	79
348	79
376	237
352	5
266	93
337	393
324	79
357	22
329	142
341	14
341	219
383	164
381	202
264	138
300	420
293	407
277	79
310	29
307	105
346	106
255	8
352	85
293	242
322	79
276	123
358	97
288	227
297	8
267	180
81	227
255	16
337	179
285	7
342	223
377	23
266	8
295	167
290	4
342	79
255	391
356	7
351	242
346	107
374	99
383	152
300	16
266	225
384	12
305	7
334	219
293	14
340	184
379	80
376	17
305	135
382	420
277	24
260	4
329	56
279	24
123	7
305	85
305	57
338	229
300	222
250	221
299	114
309	104
346	166
346	230
356	65
260	27
349	84
266	5
355	38
272	176
337	7
347	92
378	162
300	158
355	393
344	111
124	162
311	93
377	53
377	150
349	19
368	219
263	14
337	24
324	79
346	25
346	400
340	7
314	79
254	80
305	3
337	79
347	86
356	56
300	134
124	174
322	210
298	131
345	31
334	52
259	221
278	229
331	80
347	206
347	27
331	155
266	402
278	93
325	136
352	84
290	57
377	55
337	422
356	25
326	36
273	79
345	79
280	7
310	76
294	79
334	137
299	175
346	195
286	14
299	93
384	8
293	22
330	79
308	59
349	409
272	403
279	123
379	13
256	19
314	6
258	408
335	131
258	188
290	385
355	398
345	54
337	57
340	223
367	171
305	406
260	144
377	56
376	183
284	122
301	79
272	227
278	23
339	416
333	11
309	241
313	24
298	22
278	52
334	95
271	43
289	79
266	222
305	15
379	10
372	163
283	5
256	100
328	394
383	7
322	129
381	387
347	119
323	191
258	17
347	36
256	32
332	7
296	84
281	194
348	18
347	10
345	224
274	395
304	409
345	56
21	9
276	219
341	79
320	215
347	112
302	6
336	79
298	169
279	8
264	80
336	91
325	63
276	96
338	99
280	170
355	412
234	229
347	100
286	20
379	248
326	131
384	52
350	106
310	84
356	221
341	80
271	6
274	79
335	73
377	89
287	15
379	244
341	193
321	122
264	80
340	127
293	189
374	136
305	7
285	25
349	79
275	7
336	395
255	201
357	15
352	93
260	42
337	96
273	116
366	7
352	79
271	20
287	197
335	23
264	29
288	123
287	85
358	69
125	79
298	106
340	120
318	398
288	23
287	177
383	79
377	40
326	22
350	51
310	184
309	96
273	108
274	96
289	10
343	79
315	6
347	404
304	15
347	60
308	139
305	182
311	27
344	99
300	48
295	15
355	6
294	231
335	67
266	80
309	208
298	399
323	191
123	136
290	7
279	391
333	81
276	198
341	37
305	203
375	32
383	34
253	79
288	128
124	388
309	27
276	26
317	56
301	225
307	41
299	124
278	7
290	141
285	8
347	51
280	41
301	195
313	229
352	411
290	385
351	385
305	22
272	143
293	136
125	61
298	79
314	131
292	223
264	104
324	99
344	5
251	106
274	40
270	245
321	51
289	1
309	203
39	7
296	397
318	7
334	123
346	111
375	2
303	157
289	219
342	160
369	27
309	209
345	403
310	220
255	2
320	2
378	80
364	411
294	389
319	74
347	421
260	114
250	13
299	93
383	106
286	10
21	79
305	202
270	193
297	218
324	94
290	68
376	408
340	385
355	85
356	6
290	18
347	415
329	221
307	29
336	7
341	56
278	2
327	106
299	7
345	127
289	110
291	115
382	130
336	10
298	391
337	136
272	19
377	90
342	51
356	10
338	207
283	23
297	19
344	42
360	228
276	249
314	18
379	7
353	204
351	62
338	241
304	402
318	225
358	183
381	219
371	28
347	223
293	405
339	11
362	194
342	51
338	79
275	216
276	414
293	25
332	26
341	120
321	234
266	102
271	77
305	93
352	16
337	146
340	32
336	222
279	32
256	33
380	394
347	79
250	138
310	40
325	15
346	385
352	75
308	25
384	15
310	9
342	79
300	389
124	231
257	21
335	48
296	8
349	110
332	53
255	106
352	18
306	386
309	110
303	80
380	95
266	16
81	165
378	99
308	7
375	8
323	136
323	100
356	81
290	205
318	49
260	79
342	34
379	16
79	122
335	239
292	110
384	122
337	57
337	79
123	131
304	391
300	79
347	29
300	7
347	183
297	2
285	7
304	392
305	163
347	121
319	11
304	93
276	79
298	45
293	45
380	80
287	15
298	132
351	107
289	8
309	81
384	117
378	172
270	7
347	229
355	79
336	16
305	212
345	179
374	51
339	7
338	120
262	7
279	385
313	213
300	126
314	10
361	232
315	102
336	153
342	105
304	7
264	403
123	7
378	103
336	8
81	227
295	15
334	32
335	104
348	131
309	79
286	80
279	101
358	59
269	26
265	122
370	16
344	53
327	12
314	98
383	385
310	93
338	407
256	7
308	19
347	46
347	81
298	58
379	25
375	26
379	14
256	7
300	11
356	9
284	8
347	22
298	404
355	15
335	11
272	11
258	226
337	79
313	185
309	8
258	421
309	17
337	36
339	410
315	28
359	235
294	226
267	79
262	111
324	217
378	79
306	411
310	19
348	143
382	238
286	247
374	405
315	5
335	219
261	119
355	83
353	11
252	72
335	222
335	41
335	388
383	220
325	114
305	418
393	106
266	51
318	34
315	149
341	106
332	111
342	99
285	23
338	35
381	220
335	393
296	113
377	7
275	137
291	109
301	57
384	8
313	106
288	134
306	80
290	121
355	11
348	237
341	7
280	44
342	161
286	145
279	20
379	156
379	110
355	106
305	390
272	51
298	29
278	99
341	246
348	7
256	136
272	17
347	220
294	215
327	81
382	31
384	81
314	219
334	127
299	222
335	93
355	7
305	7
356	83
309	122
377	79
271	7
305	199
333	225
311	225
314	137
378	30
384	14
346	7
363	87
