422
286	131
289	135
274	102
275	239
293	77
341	7
300	102
380	20
21	55
300	7
352	136
310	79
369	163
278	23
323	186
347	130
347	241
343	7
256	131
297	11
272	65
384	99
356	56
324	106
352	45
349	39
308	249
272	11
378	144
382	32
314	14
331	8
360	93
341	106
347	19
347	2
350	33
296	84
377	2
342	136
289	395
374	8
342	79
337	219
309	25
336	385
379	120
346	80
310	79
287	78
81	141
81	122
274	61
364	225
336	35
347	8
381	15
124	73
273	31
305	18
377	10
267	227
349	16
335	95
336	407
344	34
349	80
313	420
290	388
260	227
263	15
384	6
338	7
310	19
266	79
286	81
298	79
382	207
338	26
308	24
300	197
276	28
341	140
344	97
347	7
338	110
251	111
305	11
340	216
342	80
309	13
335	36
332	8
378	14
260	52
316	53
348	88
338	156
354	93
81	8
275	79
265	26
324	139
260	80
290	411
331	385
333	155
356	195
292	229
123	220
276	96
309	221
301	114
300	64
266	80
309	31
272	50
300	154
271	6
305	70
305	223
358	102
380	54
356	103
315	80
355	131
264	219
270	79
347	407
307	175
297	171
280	44
352	121
374	131
288	21
338	99
324	157
298	15
293	160
290	191
356	421
260	93
81	219
345	8
290	79
347	7
349	29
299	220
309	27
255	81
285	86
355	176
301	386
384	8
335	51
340	123
374	59
305	113
355	100
256	183
363	408
307	222
298	138
264	14
299	239
264	15
346	15
296	110
256	415
384	118
346	161
305	106
358	83
275	79
347	413
327	57
339	122
342	32
260	189
293	20
287	10
337	84
351	183
297	79
274	397
319	91
365	121
310	219
256	52
81	229
39	52
383	51
293	110
266	99
314	31
381	221
371	193
314	36
347	127
379	190
272	95
276	7
319	85
277	150
272	19
270	25
299	62
275	51
264	204
320	134
79	385
265	32
337	137
307	14
299	244
310	80
335	7
300	123
377	20
81	223
334	219
356	83
309	152
298	7
271	222
260	229
347	40
335	79
299	7
281	99
383	8
310	2
362	99
266	24
334	10
352	165
355	23
378	85
279	106
304	123
260	209
341	403
124	166
366	80
361	188
298	415
305	8
324	155
289	29
311	25
323	109
298	2
314	418
348	114
377	7
268	122
290	42
374	137
300	56
309	56
334	34
370	401
309	79
255	79
338	180
305	1
309	204
383	123
327	100
256	105
310	58
294	30
350	79
319	412
313	79
345	421
309	117
21	79
342	25
383	99
355	53
377	223
310	202
278	127
378	7
267	20
289	220
277	34
272	80
349	51
123	225
284	399
383	406
336	80
278	19
356	391
307	57
310	25
264	113
335	93
278	16
321	4
281	75
377	81
301	45
325	90
317	7
290	7
306	58
341	95
286	101
264	7
272	387
288	8
309	230
286	7
270	79
262	22
383	129
275	57
329	27
349	411
334	79
308	19
335	15
340	184
351	7
305	140
266	418
345	180
291	218
279	216
289	111
346	27
284	227
356	16
377	10
270	106
315	225
321	241
280	221
338	138
373	5
308	98
375	104
346	6
285	64
315	393
301	27
257	212
384	400
335	16
300	222
347	56
375	82
278	110
301	215
381	93
314	5
293	388
356	7
289	84
346	85
382	40
314	227
379	215
335	60
379	40
337	143
380	174
347	136
288	159
305	179
345	7
333	136
286	14
339	49
345	51
323	391
336	111
295	5
271	398
349	122
329	85
275	214
346	112
333	404
346	226
273	13
352	7
336	11
378	11
312	111
380	396
303	104
253	7
351	166
278	93
333	14
382	164
352	108
298	393
347	122
304	245
382	53
377	7
258	10
347	385
337	7
348	32
337	7
266	89
315	79
260	80
259	403
326	7
355	136
346	136
347	16
266	2
318	106
335	390
290	143
293	127
383	79
326	120
306	100
285	8
347	80
300	222
294	114
347	236
335	206
383	170
355	195
288	111
324	12
355	11
355	79
340	96
382	32
336	8
348	162
322	392
305	205
347	45
123	168
291	45
292	9
334	81
278	242
288	163
334	192
352	238
297	394
348	217
299	146
338	222
305	5
314	153
280	404
310	51
376	127
310	194
267	93
272	34
298	247
298	131
379	16
275	99
339	10
279	226
338	408
123	41
355	206
335	422
337	178
311	24
258	22
277	41
378	106
285	219
315	6
295	6
337	81
298	79
298	225
347	87
124	42
355	26
81	19
296	67
378	162
337	79
293	219
286	22
378	79
344	196
305	15
311	12
273	24
305	34
285	409
278	179
353	389
358	405
274	79
250	19
313	181
322	43
255	157
300	389
256	79
276	15
289	246
377	51
300	183
300	126
344	8
384	96
276	145
332	224
337	11
288	22
343	233
262	402
380	79
278	136
338	62
283	228
294	417
342	248
344	106
379	93
346	30
266	237
252	36
293	223
281	7
290	53
379	106
299	221
341	194
298	53
347	184
348	8
349	8
305	27
380	93
315	83
293	10
358	17
310	169
279	47
327	5
326	85
255	229
314	57
277	128
314	161
276	7
305	223
286	28
314	101
315	81
279	7
325	393
336	79
345	230
270	59
313	137
328	7
347	398
309	7
375	37
374	7
250	203
378	25
378	18
270	199
290	242
314	79
320	393
294	18
309	391
283	17
355	393
318	81
349	6
376	2
342	22
342	79
356	40
258	106
267	4
352	41
330	231
377	11
306	25
282	8
382	3
375	146
356	17
321	16
382	18
379	211
384	8
351	191
305	66
357	120
273	27
255	213
273	79
346	131
297	182
304	26
279	23
323	37
377	84
302	116
355	79
371	99
294	405
337	196
345	106
372	79
304	51
326	138
333	57
342	7
125	79
275	123
355	84
344	84
273	117
305	107
376	106
276	172
270	187
298	183
284	149
325	225
125	173
278	200
258	414
275	26
351	106
356	107
294	56
348	177
356	228
378	385
336	403
347	127
347	394
356	57
310	51
124	11
270	23
310	29
304	7
332	133
347	151
381	395
255	122
379	94
318	79
384	79
274	419
344	29
368	52
272	38
377	81
353	35
298	15
287	16
298	231
308	44
264	391
81	222
304	79
355	69
304	137
287	115
341	71
290	79
258	29
352	79
375	148
339	79
309	128
352	7
313	93
393	229
330	7
341	29
274	18
342	63
300	201
261	21
371	106
327	393
342	385
300	79
294	202
356	240
325	23
375	123
288	99
340	48
277	134
314	193
341	110
290	19
266	142
337	105
341	11
382	167
296	194
254	220
266	185
234	143
320	111
269	203
375	237
256	17
258	7
301	74
384	92
279	7
383	8
300	198
342	7
322	410
276	147
342	402
250	110
302	391
299	25
342	81
351	12
374	219
345	68
287	101
378	76
293	14
381	7
290	120
384	420
337	5
367	243
288	124
256	79
346	79
321	116
326	7
260	56
311	391
334	106
298	405
318	8
356	79
250	96
340	15
301	48
280	208
290	391
313	385
294	23
289	7
279	104
379	411
274	191
334	7
337	227
305	19
376	179
346	22
356	7
303	79
345	9
341	158
318	46
347	234
356	99
287	79
347	20
295	237
336	232
335	122
329	132
341	27
332	219
271	72
335	229
275	5
296	119
305	7
279	57
379	222
269	409
382	93
336	25
324	22
264	14
357	119
336	235
313	80
340	416
384	10
271	16
355	45
267	225
280	79
359	210
305	41
304	9
355	93
371	6
255	7
