422
346	15
287	149
341	10
279	183
345	178
342	113
300	13
301	410
334	393
291	412
315	98
374	35
342	159
297	217
383	11
355	85
293	60
289	27
376	11
271	221
341	106
384	14
344	79
255	223
308	7
298	80
378	234
285	140
336	27
335	7
278	79
331	15
270	79
347	53
256	79
384	161
288	191
259	246
346	243
337	8
376	80
370	225
375	26
377	10
282	114
274	223
258	106
288	17
329	7
341	8
298	106
381	392
314	210
278	7
266	25
326	40
123	6
273	6
277	97
347	396
301	79
344	18
379	52
264	24
347	403
347	18
294	86
336	219
350	81
305	32
315	7
305	24
355	231
278	141
322	79
378	11
258	14
305	7
283	223
310	25
341	10
297	7
314	7
308	391
276	80
285	126
356	225
376	20
380	61
260	18
377	219
255	15
290	237
298	117
314	104
340	239
329	106
347	168
347	207
309	156
310	93
283	30
294	195
268	79
262	143
357	184
298	219
305	79
315	14
277	34
318	19
314	131
371	19
338	171
305	385
296	398
348	106
286	51
356	193
346	36
293	8
260	388
256	11
264	79
382	101
348	179
338	187
338	73
311	80
348	99
296	36
21	220
270	8
337	421
346	27
81	29
316	64
274	403
304	219
306	45
278	84
277	57
289	395
357	7
334	80
290	102
318	23
305	193
334	8
344	105
346	139
347	7
325	208
331	219
323	230
341	8
352	44
313	84
309	7
299	31
341	64
296	401
255	22
333	80
335	116
284	106
309	138
334	84
322	100
266	57
335	90
298	22
335	12
378	200
270	127
305	131
81	25
300	188
382	15
272	405
334	191
290	96
288	14
289	240
320	110
304	106
345	7
310	99
308	137
352	89
270	21
279	81
361	190
305	183
301	19
314	418
353	93
337	213
377	221
325	6
275	7
349	172
314	79
271	216
296	2
258	7
338	228
340	52
375	95
309	79
336	32
293	418
326	27
379	391
336	23
319	14
275	152
299	99
301	79
305	29
314	169
300	7
313	218
265	129
355	79
255	20
298	93
345	81
356	28
299	7
289	162
280	93
275	417
298	120
327	184
324	137
356	25
354	20
345	166
377	25
356	15
306	226
309	79
324	227
250	123
272	202
380	10
287	79
271	24
125	409
334	163
274	7
355	40
327	32
266	131
328	225
266	99
336	67
300	24
337	25
358	95
339	107
356	102
336	23
377	81
299	77
294	79
277	222
374	249
335	16
342	22
346	12
355	122
347	92
355	229
310	93
310	219
352	8
310	145
383	31
349	79
279	9
305	393
304	4
345	20
273	226
318	80
311	120
345	130
266	229
384	7
292	395
366	5
294	80
380	7
256	53
305	219
355	233
384	391
272	80
351	7
256	99
258	18
300	84
251	211
298	30
267	121
358	1
298	220
336	5
279	393
299	11
330	19
289	12
346	106
381	160
383	85
281	25
267	231
340	407
349	21
334	244
356	56
313	25
371	104
344	136
345	15
349	179
352	79
351	8
377	79
305	79
260	56
383	199
336	27
293	394
382	68
344	9
344	204
340	51
264	51
382	131
378	81
124	106
342	136
343	102
346	136
274	194
308	11
314	79
355	220
341	15
288	58
286	57
297	408
379	413
300	387
347	88
317	45
352	36
287	63
335	227
305	81
379	40
348	26
346	41
342	202
264	189
294	56
351	41
254	8
256	232
383	212
380	103
384	112
300	2
287	163
322	174
341	16
302	148
351	15
337	104
81	400
266	110
337	127
320	26
306	420
356	215
311	49
343	390
286	131
288	220
81	6
256	399
355	11
305	8
365	416
330	8
318	122
293	229
275	27
295	22
303	22
377	38
269	409
338	80
355	7
362	62
313	123
305	11
309	115
347	101
324	99
273	29
252	7
338	120
382	229
332	79
123	6
273	127
347	111
374	83
300	192
274	79
323	72
347	57
298	133
300	183
347	8
349	56
287	5
300	110
297	391
272	18
310	29
285	66
276	2
346	7
274	58
326	91
262	16
358	23
371	109
265	132
321	228
335	40
364	32
307	54
123	385
264	53
325	29
275	22
260	16
341	151
352	123
275	99
342	138
290	59
290	83
356	10
356	79
309	186
379	45
346	85
368	194
299	80
279	7
267	76
342	389
349	134
285	111
39	7
275	223
337	179
332	108
21	165
335	241
347	81
379	247
309	118
295	10
347	121
323	101
300	71
372	51
307	239
379	222
380	79
289	8
296	79
384	181
266	127
260	19
371	7
356	19
272	15
342	51
344	170
273	158
290	111
124	35
321	53
278	194
339	6
315	138
367	237
347	51
260	79
304	16
336	235
378	154
288	41
336	14
351	245
286	99
355	421
310	57
293	7
255	79
284	11
346	205
275	19
287	219
310	391
285	59
79	106
341	14
310	241
313	7
326	56
288	94
264	48
301	135
335	134
352	106
321	185
340	11
286	122
281	385
363	42
303	180
81	153
304	96
347	385
375	79
332	85
369	415
332	8
278	34
347	419
250	140
347	93
325	391
381	402
337	222
384	216
280	406
349	196
355	393
280	167
278	229
291	43
124	411
353	39
350	51
276	146
258	16
324	22
335	385
377	56
384	215
305	388
378	32
304	78
314	57
381	136
315	79
250	106
288	106
358	195
275	206
342	79
352	122
383	236
255	122
81	74
267	46
293	143
300	65
278	17
347	183
319	415
352	106
290	25
300	55
379	403
383	79
378	81
298	420
380	10
279	242
382	191
355	131
377	124
378	209
298	7
384	17
271	147
289	164
271	26
346	411
310	107
309	95
276	7
290	389
379	175
342	16
347	386
293	79
338	177
333	7
347	2
342	196
309	203
334	62
336	79
123	75
342	203
313	7
349	385
270	408
337	222
266	79
340	397
355	142
298	404
278	16
256	93
270	128
276	411
335	2
270	7
378	79
234	8
327	225
305	248
286	96
376	17
279	157
299	93
310	155
290	201
333	34
347	391
382	221
319	5
266	407
341	7
267	7
314	13
272	41
304	393
298	42
298	221
348	80
356	7
356	29
253	80
305	93
294	414
309	19
377	114
373	223
264	150
355	57
290	111
278	85
309	10
280	422
384	44
273	34
356	93
324	23
314	7
375	83
341	157
374	93
260	404
281	123
308	182
375	70
297	99
272	106
337	105
379	120
335	242
356	79
272	52
266	23
301	214
279	176
260	5
275	204
382	50
374	8
304	128
347	5
378	84
124	37
360	7
261	7
340	110
257	385
293	110
298	219
311	398
335	52
336	79
375	224
345	162
312	79
301	114
307	26
347	48
337	69
381	229
337	136
378	197
374	82
125	79
279	96
300	20
375	7
351	79
355	117
333	155
289	3
318	8
310	7
305	15
359	79
356	4
335	6
382	166
329	16
345	225
307	79
256	227
284	8
321	173
250	33
300	137
393	81
342	123
270	111
326	198
383	111
339	227
276	7
286	19
383	122
313	222
356	405
382	110
255	79
264	27
302	51
320	238
309	99
274	393
263	87
290	79
305	144
280	405
338	2
352	116
260	47
324	206
269	34
323	5
355	161
293	227
349	14
81	45
299	402
294	127
378	9
337	7
377	123
258	45
276	8
305	7
290	7
338	119
272	137
379	37
276	79
348	53
377	394
315	93
348	51
292	222
295	119
337	79
290	180
314	28
277	84
339	225
347	230
347	100
338	136
315	143
310	31
384	100
294	237
342	113
81	136
327	222
309	146
333	122
