422
294	401
348	32
349	79
305	10
309	119
260	113
337	191
340	99
250	7
286	13
266	56
278	11
342	22
341	81
271	227
285	7
306	228
354	92
318	74
347	122
282	389
293	93
272	140
291	239
290	217
266	237
349	134
313	15
338	111
300	196
325	29
290	19
368	145
289	230
346	79
378	113
347	24
273	105
287	85
377	405
342	180
380	26
340	41
347	41
266	79
278	79
384	18
356	153
374	57
256	19
277	57
125	223
350	231
300	15
310	150
293	385
296	227
257	246
305	99
287	416
315	421
285	118
300	109
309	93
281	79
275	111
314	7
335	32
366	106
331	412
349	79
275	183
325	53
321	79
298	110
289	6
309	232
264	222
352	8
258	187
264	45
278	385
334	403
338	57
380	222
81	7
266	12
298	188
270	411
265	57
347	13
384	391
332	247
299	138
318	79
123	59
315	207
347	7
325	137
266	16
311	3
293	97
381	99
21	5
260	7
264	34
255	106
323	161
300	105
294	63
335	62
314	15
378	25
300	31
384	219
264	229
324	16
250	21
297	117
286	198
332	393
374	62
264	80
273	223
256	160
335	390
346	45
381	81
297	93
344	122
304	203
358	7
370	237
314	64
346	79
305	22
313	147
324	44
275	136
296	221
336	179
311	393
349	193
341	8
305	415
307	397
347	104
270	96
347	392
309	79
294	240
315	79
298	14
355	106
337	89
377	25
342	7
285	236
263	172
290	32
294	100
290	201
377	7
346	131
333	16
300	34
376	137
377	17
309	183
290	218
289	11
304	419
351	8
274	196
334	80
379	106
302	19
342	137
278	22
345	45
300	189
296	391
289	79
279	181
380	222
123	40
377	79
251	110
280	70
310	83
317	80
293	51
353	386
321	249
320	20
356	80
262	159
274	26
346	7
345	411
382	233
310	191
296	110
288	57
319	143
349	407
300	6
253	180
336	142
382	106
345	27
298	175
275	123
309	179
358	80
290	199
340	197
81	14
346	163
310	220
329	35
278	106
275	57
321	11
295	15
384	229
294	208
308	93
378	415
288	155
267	130
298	9
345	24
335	122
346	131
335	8
289	408
308	25
304	127
256	27
383	154
342	222
355	2
356	79
267	85
378	228
287	417
347	152
302	8
323	107
341	14
278	102
348	7
375	64
297	47
306	52
310	14
272	84
81	136
275	82
293	1
378	7
336	9
310	27
298	84
301	10
279	174
299	23
384	87
347	8
336	229
293	79
355	80
375	120
378	393
324	80
124	51
320	191
347	229
327	31
356	58
313	79
347	106
310	79
322	96
300	200
378	51
371	179
299	177
124	143
308	112
374	122
378	19
283	51
290	414
310	15
254	402
361	33
307	10
297	52
347	11
258	8
277	7
289	14
310	237
300	231
279	6
382	7
356	58
314	131
310	45
267	53
355	223
311	421
264	166
355	121
378	115
335	100
305	60
256	79
274	7
337	19
341	93
336	404
298	7
338	128
279	99
356	102
383	79
314	166
305	86
341	17
286	6
337	7
310	227
290	123
333	73
276	111
270	7
341	136
258	22
348	114
273	141
273	132
273	22
382	79
261	79
342	53
342	385
384	131
279	387
339	24
299	101
284	19
306	165
371	15
266	41
275	7
355	52
298	223
337	114
305	30
258	394
372	123
124	18
310	219
337	219
250	7
303	29
349	44
256	402
346	23
293	28
271	398
270	220
289	51
271	85
293	136
334	99
322	4
334	157
358	184
351	80
336	239
342	7
393	122
322	32
346	79
318	409
288	225
274	215
355	23
264	226
275	25
270	79
362	48
339	51
305	388
380	6
376	409
356	391
377	41
270	230
284	2
376	111
313	79
351	182
304	163
371	120
79	79
270	106
256	385
347	7
334	195
307	223
347	227
280	106
328	79
301	395
342	11
327	85
355	38
21	79
272	83
335	107
266	136
367	194
123	243
305	72
276	11
313	391
301	216
384	385
355	220
351	53
293	20
342	93
255	34
346	210
346	391
319	59
300	106
374	229
376	24
260	80
342	144
347	80
294	403
304	81
333	8
337	168
293	225
311	131
272	98
304	81
325	400
281	10
271	80
262	7
280	104
365	176
298	34
379	133
338	2
283	26
356	83
339	103
313	84
341	7
330	16
290	40
347	78
375	66
332	8
355	15
279	120
278	7
352	222
384	241
379	20
349	221
301	16
382	29
352	11
344	20
352	7
81	404
356	396
343	139
326	126
323	40
383	407
377	222
276	224
379	195
348	27
369	29
266	7
287	99
379	93
341	79
326	100
377	143
335	7
319	225
333	21
380	193
305	99
336	108
255	25
374	119
304	420
309	136
383	81
285	18
327	117
300	56
350	162
358	16
279	16
305	212
292	161
352	67
290	61
371	214
336	46
343	14
382	43
287	205
327	25
266	418
280	37
326	227
337	104
260	5
356	156
377	49
324	138
272	14
301	219
378	211
344	391
299	422
309	39
323	7
356	11
345	131
267	79
125	121
337	19
377	389
321	79
347	169
356	11
305	2
305	18
305	26
339	8
303	84
297	79
278	116
305	51
284	79
259	36
334	136
340	204
337	405
340	5
300	79
377	8
332	16
277	93
347	79
324	25
356	202
255	129
307	114
352	31
285	7
260	7
335	110
384	8
276	385
271	56
338	99
309	84
305	411
375	162
342	16
314	413
39	170
345	20
264	94
286	7
298	204
331	37
379	123
344	242
280	85
384	146
335	10
279	151
347	80
348	7
255	391
273	79
336	134
81	403
360	395
309	22
363	12
272	408
352	420
330	84
290	56
299	209
281	140
382	111
234	95
375	7
375	48
276	52
379	410
341	27
352	225
375	148
298	244
276	137
286	11
279	51
276	79
286	5
334	393
298	69
298	110
81	241
256	219
300	15
347	15
304	186
344	167
314	178
314	81
260	106
336	123
355	99
324	399
380	81
333	206
250	81
356	93
309	32
269	71
260	7
355	90
272	34
295	40
345	127
381	393
290	183
268	79
296	225
255	25
305	27
314	245
352	221
260	56
383	8
345	93
313	225
336	158
382	405
346	8
335	192
351	93
309	128
347	45
346	95
374	138
275	26
252	80
345	19
123	229
272	190
342	29
291	76
301	79
256	110
336	418
355	5
351	7
277	393
278	29
355	7
267	42
382	8
364	202
357	248
320	65
341	95
258	164
309	17
278	36
337	7
347	8
272	213
338	7
274	79
305	135
288	96
335	235
356	106
356	55
289	18
300	146
316	185
383	7
337	194
258	79
292	127
355	10
347	203
335	88
270	394
81	23
340	91
265	68
348	216
266	15
337	5
347	27
359	219
334	127
338	385
383	19
384	242
379	79
269	127
299	30
314	157
381	206
308	219
378	79
298	25
255	10
338	9
349	6
347	79
81	2
277	23
383	56
338	171
310	7
335	79
383	8
315	116
337	406
341	106
299	388
124	101
353	93
379	4
276	10
288	101
377	35
347	123
373	81
379	7
318	17
286	220
275	2
315	215
329	106
298	398
326	7
344	219
274	79
290	102
347	7
314	53
305	238
340	122
305	111
308	221
382	5
329	22
305	222
355	7
378	79
352	120
288	12
301	124
381	14
379	122
312	194
349	77
356	8
318	42
309	8
348	219
274	75
260	28
315	234
338	50
294	54
341	184
288	99
315	96
310	155
314	149
344	23
342	106
298	36
294	79
326	226
357	6
287	57
355	173
288	51
295	183
