422
301	411
288	146
262	56
378	79
293	79
355	22
307	392
278	393
339	393
339	398
305	222
335	11
315	106
318	16
286	79
353	62
305	96
268	405
352	79
375	11
377	79
273	5
288	209
251	385
309	56
276	149
347	79
337	184
356	124
273	419
81	106
375	110
305	388
300	18
313	5
255	10
270	84
256	91
362	208
326	28
346	163
336	5
278	98
81	385
300	116
347	167
310	131
345	22
346	122
335	393
351	16
356	401
336	79
250	219
281	2
123	99
305	145
328	6
267	420
332	233
344	29
355	129
335	164
329	106
324	7
349	89
356	385
264	405
276	84
256	51
339	413
330	190
299	185
384	137
347	83
300	137
379	136
340	225
298	117
344	7
300	56
341	45
349	79
301	80
338	95
250	29
265	76
335	191
313	6
343	111
356	126
346	236
322	48
278	192
286	10
310	40
310	114
303	5
379	79
306	391
337	237
314	203
326	7
294	123
317	19
347	20
279	188
329	136
356	79
313	48
380	25
316	137
255	121
257	127
345	51
315	134
324	25
342	19
355	112
334	7
375	9
300	7
322	8
272	247
297	7
267	72
305	223
333	11
315	93
273	120
363	85
336	14
310	93
270	7
335	53
266	222
266	51
266	150
287	99
300	80
273	183
279	127
378	15
313	198
337	7
382	15
383	403
381	394
258	136
323	7
300	87
369	422
277	229
375	80
312	79
309	138
314	79
275	25
272	25
337	27
274	106
279	59
276	20
383	213
377	29
278	95
297	109
347	151
324	17
378	131
310	223
352	131
294	79
287	388
272	197
310	415
258	79
287	115
305	7
334	143
258	120
355	81
340	8
255	53
380	414
125	79
342	10
355	93
270	130
376	8
256	32
356	15
377	79
314	19
275	42
337	122
321	84
272	106
292	14
274	30
124	5
341	123
273	391
283	66
123	2
352	408
296	80
342	114
374	143
314	7
342	70
124	74
321	26
382	57
305	231
269	421
379	65
380	81
346	80
344	88
349	8
378	219
320	79
336	398
256	79
382	64
266	20
372	62
318	193
335	226
345	7
255	7
305	229
287	123
305	79
290	222
346	244
308	157
309	138
304	111
337	241
340	93
298	395
286	18
315	34
258	16
275	51
300	168
267	389
305	41
305	106
382	43
325	101
319	222
276	25
270	42
258	224
346	420
326	81
384	34
355	122
290	51
315	219
319	131
346	221
374	99
347	225
274	50
314	238
311	3
347	166
333	93
323	31
125	22
360	230
352	84
281	215
378	81
296	123
275	13
291	81
298	172
298	147
355	14
378	7
375	40
358	183
264	24
279	406
380	5
261	8
81	122
298	19
376	96
309	214
276	7
277	390
310	7
256	27
314	27
341	136
298	11
381	79
377	216
287	24
352	137
365	16
382	6
289	121
347	79
265	105
290	26
259	36
275	53
384	222
293	227
304	7
266	399
296	415
285	8
327	22
327	21
344	229
314	29
274	220
384	391
349	11
278	22
325	51
266	178
351	106
267	385
377	204
370	57
300	416
293	104
383	85
347	175
266	407
336	407
299	23
310	118
337	386
384	417
342	421
367	47
290	393
342	17
309	186
311	14
341	171
338	396
341	12
356	34
309	402
358	220
299	100
355	53
324	68
308	110
305	408
313	80
347	71
335	57
264	55
260	49
355	18
123	92
335	139
301	14
309	79
352	228
342	56
305	202
347	52
318	200
336	100
298	2
254	45
338	81
307	79
279	8
293	404
376	212
308	37
305	119
294	148
371	245
274	4
280	10
356	159
309	2
333	79
294	11
288	29
338	106
341	173
298	52
267	24
290	80
377	79
250	237
270	93
310	79
338	36
347	226
276	227
346	84
311	196
301	385
302	165
325	79
331	5
299	211
286	158
318	93
278	223
282	34
79	152
332	1
344	225
337	19
340	119
334	25
356	393
337	114
342	7
308	22
335	4
314	7
272	17
371	2
321	113
378	102
124	14
356	169
324	54
285	229
273	395
270	96
256	52
290	391
335	79
310	32
81	181
290	418
260	101
375	57
351	22
264	80
275	221
287	7
326	7
255	104
355	96
347	44
294	105
329	141
374	7
379	18
347	170
379	79
315	97
276	174
256	385
276	73
293	229
320	106
310	79
81	99
290	179
359	242
354	83
289	11
380	134
345	27
263	10
384	133
271	23
314	189
290	83
315	194
378	36
393	110
378	81
382	163
304	219
255	394
346	110
348	207
313	21
272	120
347	183
255	106
275	11
323	56
345	8
299	128
341	99
368	27
293	228
298	75
124	127
384	7
356	215
285	205
304	19
262	45
260	40
345	216
384	14
289	391
383	153
279	194
290	227
296	15
355	180
347	219
271	79
349	204
21	8
374	104
331	85
278	156
309	405
275	19
299	195
353	17
280	7
279	176
283	7
327	111
379	23
271	26
269	60
300	7
332	9
289	26
381	240
295	218
310	31
294	99
381	7
278	16
291	79
355	411
344	194
350	10
305	79
304	81
270	79
274	123
356	8
383	177
341	20
357	81
337	57
348	100
324	203
264	51
308	7
288	161
305	94
347	225
366	202
340	6
355	32
300	111
301	411
272	117
284	7
277	85
338	138
338	7
332	14
384	140
358	135
348	79
280	34
358	52
347	393
338	223
335	7
285	84
373	7
380	157
314	10
384	127
123	193
356	206
335	249
350	41
272	7
378	410
378	102
336	110
298	229
305	231
347	12
256	79
339	80
294	123
300	8
286	95
309	41
281	7
302	184
348	99
361	385
349	136
279	11
323	187
379	162
298	7
260	111
260	146
314	7
341	222
351	26
289	28
304	93
301	27
310	19
355	391
379	102
297	196
333	31
342	77
377	106
337	166
305	23
334	80
306	93
347	6
334	161
333	210
234	403
305	239
300	387
290	230
290	143
342	132
81	79
374	16
334	10
319	93
383	235
356	140
278	7
300	242
338	24
298	199
336	227
357	391
320	16
347	222
289	155
304	402
382	16
342	8
285	38
295	6
337	40
334	9
346	59
258	67
378	120
305	107
336	219
349	241
274	179
341	6
383	127
264	162
298	142
356	409
260	220
337	409
374	29
299	58
266	237
377	403
314	7
318	57
377	111
355	136
270	234
304	79
272	79
81	219
309	113
322	86
252	41
309	217
271	45
298	108
342	8
307	103
371	53
280	106
347	79
383	389
364	8
347	232
351	15
39	243
356	8
295	90
346	201
293	69
271	122
347	32
340	227
345	46
286	221
288	44
345	220
347	2
375	16
345	63
335	30
299	131
352	191
371	99
275	155
293	45
292	116
381	239
355	7
377	206
351	404
264	106
346	183
347	57
348	12
352	248
347	8
348	8
379	15
289	99
376	11
253	93
346	79
338	179
342	7
356	85
325	15
349	61
311	19
250	221
275	64
321	32
277	8
309	225
382	7
306	56
288	79
348	106
293	78
284	13
307	93
334	15
327	246
286	219
336	79
379	128
288	122
344	27
278	122
337	25
310	7
296	219
303	79
382	182
377	51
349	131
279	25
297	191
301	101
342	7
266	51
352	58
266	136
355	195
260	225
260	15
377	110
343	144
305	79
277	8
341	160
340	25
298	79
335	37
294	223
284	99
336	20
382	412
280	107
289	39
309	15
336	80
300	35
383	82
81	400
341	7
298	154
313	7
297	33
21	418
293	106
384	35
326	23
288	23
264	80
379	397
260	18
290	80
352	180
330	79
