422
309	131
367	10
305	411
293	146
343	194
264	214
355	93
374	7
304	11
378	133
266	27
288	2
300	88
297	223
286	93
287	113
271	31
285	230
379	16
345	19
383	80
275	217
324	157
286	57
337	5
327	13
260	79
336	79
342	16
310	225
287	22
321	128
290	27
275	84
355	19
338	32
276	249
305	219
349	11
273	102
380	34
270	116
265	8
286	81
279	79
280	6
355	12
338	40
341	411
334	101
347	52
258	228
357	127
291	3
279	180
310	79
260	85
377	138
293	110
341	84
375	239
276	212
318	182
299	79
278	80
293	12
348	6
338	411
321	15
355	100
267	14
301	47
364	10
310	229
380	8
123	165
290	48
271	8
342	225
383	391
384	7
346	136
356	120
309	136
335	79
378	120
351	36
346	415
337	422
320	191
294	93
304	211
81	53
270	96
382	7
319	394
384	26
324	161
380	241
349	8
327	385
346	136
348	206
329	65
351	216
296	232
307	80
379	30
294	106
256	408
272	7
378	199
270	19
276	80
334	8
310	394
380	91
300	95
325	77
344	56
256	23
355	224
313	229
256	51
292	53
256	393
326	172
341	95
339	389
125	13
294	15
296	79
256	7
308	385
382	236
335	7
345	23
313	5
309	16
375	16
325	388
266	16
311	79
378	106
302	85
383	237
358	196
290	421
313	99
256	25
347	205
347	10
299	160
300	143
345	41
262	385
279	85
337	14
335	207
377	406
258	79
323	99
255	178
288	84
333	204
278	111
356	45
333	234
273	117
258	93
321	84
255	226
285	194
375	239
298	107
375	161
342	200
336	403
264	7
323	10
322	218
335	7
352	177
383	391
298	5
311	79
308	56
315	404
270	79
381	405
298	106
309	79
309	174
324	168
297	219
344	122
279	52
326	151
346	57
356	181
256	8
312	247
337	7
273	45
344	80
287	166
272	219
252	21
335	391
319	22
342	4
125	6
324	391
314	400
348	237
307	417
314	96
289	395
351	162
356	189
375	210
296	59
309	28
299	7
298	106
301	79
267	42
377	202
342	79
377	51
372	36
345	124
256	104
378	81
355	79
339	16
335	44
277	79
305	42
339	393
293	25
290	191
124	194
352	27
371	56
315	246
349	52
265	20
258	93
335	57
333	233
304	132
315	79
123	93
333	24
340	154
274	203
298	391
266	183
309	136
267	106
281	81
334	30
311	8
377	29
347	60
376	223
300	134
340	20
356	155
345	106
294	81
310	115
295	57
286	70
269	131
340	391
344	137
301	219
380	64
381	79
318	45
337	110
335	114
334	103
374	6
342	209
298	399
313	179
379	81
289	5
274	105
344	79
323	420
293	405
342	7
340	159
307	195
378	183
369	138
270	131
379	179
308	26
344	85
289	17
279	94
382	228
288	196
294	79
297	180
275	8
318	89
341	143
299	7
261	81
319	107
313	29
368	20
299	111
258	14
342	393
288	123
296	34
336	11
281	84
337	53
272	16
291	48
300	144
328	7
352	11
356	123
278	106
270	188
123	83
335	66
283	97
347	75
260	22
301	122
311	225
280	173
289	101
377	45
81	32
347	5
257	184
352	106
283	15
347	15
278	163
381	398
341	19
294	8
316	404
250	10
336	401
341	137
337	57
277	7
382	402
384	219
305	7
382	137
363	9
274	79
264	7
348	92
370	409
310	9
350	147
384	208
337	81
305	32
124	7
305	79
374	15
355	79
337	7
335	110
285	80
322	25
290	6
266	6
338	134
331	140
340	80
321	93
333	153
286	68
352	130
299	67
266	223
355	71
317	51
303	420
266	418
345	242
349	230
288	143
315	185
355	79
380	40
320	10
373	33
275	79
378	229
342	16
259	403
300	136
269	119
356	219
393	19
347	108
303	245
337	7
335	31
346	8
329	40
295	56
347	86
314	18
379	2
275	387
378	215
298	23
337	220
366	192
341	51
347	7
290	79
260	110
349	58
327	18
272	385
346	36
263	8
285	79
337	419
260	198
284	80
255	21
355	99
272	7
338	50
349	121
253	79
300	51
264	150
347	29
384	81
290	7
347	126
374	25
273	14
276	20
309	123
250	402
346	123
274	114
347	49
352	223
348	32
297	122
356	4
264	99
254	7
277	79
290	37
379	149
384	222
305	34
384	79
349	79
260	23
308	229
297	231
332	106
349	220
318	29
377	2
288	222
284	140
358	7
273	191
340	195
310	15
352	11
305	79
266	123
341	24
293	184
320	44
278	7
264	23
305	229
346	7
347	222
354	179
298	22
327	244
379	25
258	8
378	98
352	10
300	240
277	118
124	54
290	15
378	131
298	8
326	100
353	34
300	393
123	388
323	25
255	79
349	127
304	18
383	7
355	386
371	35
324	414
275	46
314	14
298	80
313	16
81	190
356	10
287	111
332	183
365	110
288	248
298	22
382	7
347	412
270	79
309	408
334	19
336	175
260	81
378	204
300	152
344	128
338	127
267	113
305	7
355	39
298	111
273	222
278	156
300	123
382	79
275	111
284	206
371	29
281	100
371	19
314	106
383	104
335	141
374	8
266	385
341	93
330	29
356	220
307	27
345	79
21	219
305	421
299	51
81	407
301	24
279	90
382	385
300	106
347	7
336	112
272	79
332	219
309	219
305	15
326	136
286	106
356	202
299	116
275	148
294	40
345	122
314	11
358	35
300	127
268	220
298	213
275	131
287	57
384	96
329	26
330	99
314	229
255	53
337	18
306	139
294	164
355	99
358	15
374	235
276	7
290	7
314	242
384	43
250	109
356	167
356	8
350	203
356	41
279	24
271	22
342	14
375	1
305	99
377	62
352	45
381	79
310	64
357	409
21	41
275	120
351	104
305	5
346	238
289	99
280	227
282	390
347	19
272	227
300	186
336	73
305	27
255	96
381	51
341	8
260	145
305	87
383	56
342	7
356	110
347	7
314	403
359	176
301	52
298	106
346	14
293	102
298	101
289	7
286	193
304	397
326	407
267	83
334	99
313	226
376	9
336	225
347	122
322	396
81	17
274	216
81	163
266	79
315	57
295	80
305	221
378	395
348	79
348	18
310	80
278	17
314	7
310	58
334	8
314	162
335	166
377	117
276	23
309	237
346	93
309	79
355	129
337	69
234	142
362	7
379	99
355	155
347	79
332	27
315	51
305	398
278	2
305	80
351	41
346	12
376	385
306	79
280	61
339	137
251	27
343	7
304	55
384	389
334	62
352	106
331	120
302	7
325	138
306	34
298	76
305	416
379	5
310	11
338	11
351	225
347	223
290	72
342	135
310	391
336	22
376	222
300	7
79	11
310	26
355	119
379	79
309	171
39	56
382	79
360	413
338	78
379	95
338	37
266	122
309	221
353	93
347	183
347	222
335	85
347	25
293	25
260	2
318	15
279	222
310	243
356	111
272	221
285	80
324	8
289	227
384	169
345	59
341	393
264	63
278	227
301	53
279	74
270	215
304	7
250	131
347	79
255	106
342	158
276	157
383	241
271	136
336	122
289	82
293	2
377	8
375	393
347	17
280	114
288	392
356	7
304	221
382	38
81	28
347	51
361	84
274	11
336	415
292	32
338	83
315	127
271	231
296	14
262	31
274	93
355	410
377	225
124	170
340	197
305	7
314	25
346	20
277	146
278	193
341	418
377	201
342	105
290	93
325	7
276	187
336	6
293	79
308	19
272	26
287	102
290	7
81	227
383	121
264	405
