422
309	217
325	79
300	239
81	196
379	7
318	106
255	7
298	79
306	186
266	106
275	23
307	80
376	111
279	152
380	225
342	45
332	96
351	100
305	188
276	53
298	184
293	34
356	7
345	89
313	79
21	93
347	122
347	79
342	84
304	413
356	27
347	127
380	6
376	9
353	93
345	7
267	121
255	401
333	157
346	26
277	239
266	28
302	79
278	225
355	16
335	79
266	86
264	409
346	168
258	154
261	37
260	11
380	411
275	385
334	183
276	8
276	223
272	120
266	110
310	222
379	210
256	44
375	18
377	51
256	25
255	16
305	5
124	411
277	11
286	36
374	230
375	6
352	8
309	171
270	92
324	14
384	81
299	113
355	79
337	79
327	12
337	209
351	32
338	208
309	10
327	99
347	421
356	107
313	8
347	201
296	32
314	109
295	93
352	25
341	385
288	231
260	6
382	7
266	85
382	207
371	93
255	79
310	225
276	27
255	106
289	212
383	19
377	391
298	174
347	10
311	393
286	391
282	178
356	25
328	405
384	10
278	222
293	128
343	172
383	7
272	111
378	5
300	405
359	105
293	80
270	24
316	85
310	79
376	57
340	101
290	79
356	7
289	81
255	57
337	27
285	62
294	219
234	225
347	51
305	6
288	227
298	148
355	7
371	73
345	420
279	5
336	8
355	66
290	7
352	106
274	229
250	76
270	7
81	8
378	215
355	215
384	104
297	402
340	79
375	11
330	7
350	83
300	22
123	17
377	8
378	219
277	80
347	229
264	13
260	219
356	122
275	175
380	421
347	62
352	196
349	95
383	14
291	79
351	83
304	139
319	388
299	7
286	127
304	30
299	12
271	79
342	394
254	7
384	211
309	99
347	153
324	79
298	8
393	2
356	216
278	65
355	119
298	79
379	12
280	419
293	145
309	93
380	49
356	7
377	7
279	183
314	78
287	193
348	131
376	200
331	223
377	7
288	405
345	19
378	103
297	93
337	79
347	19
335	43
296	119
256	219
310	149
288	51
358	393
307	222
339	7
379	99
327	35
378	161
315	248
300	14
323	42
272	7
255	391
309	63
124	19
288	38
349	7
336	7
302	114
258	59
374	80
384	121
356	7
268	110
305	240
270	2
274	72
278	385
290	230
345	31
298	140
299	80
304	8
305	8
308	411
256	7
349	61
346	79
273	123
271	79
346	102
314	393
301	10
346	414
39	71
81	165
315	156
337	97
339	34
257	8
346	391
374	194
337	23
273	204
344	41
321	397
298	106
278	111
310	237
287	107
347	229
344	16
332	99
336	100
314	6
81	134
262	130
305	41
336	163
313	127
326	243
276	48
345	99
379	80
341	389
356	8
334	20
351	242
320	124
266	136
324	398
298	386
378	47
337	4
303	131
341	183
314	221
350	57
334	391
290	58
347	202
344	122
363	81
309	79
277	31
258	167
264	46
283	137
274	25
269	80
360	194
313	221
375	16
298	7
335	123
264	17
256	11
267	187
345	398
288	118
378	80
346	181
290	79
280	68
271	223
349	101
347	94
355	15
348	11
325	15
251	193
273	237
314	136
321	42
349	22
274	137
355	21
272	80
285	203
338	79
307	219
300	8
338	99
305	79
305	35
346	56
271	110
337	23
377	27
309	189
280	15
290	111
339	131
276	179
123	52
367	99
305	99
315	403
310	115
301	51
272	117
305	25
321	213
307	159
300	106
382	222
347	51
334	388
329	15
275	80
308	2
333	135
377	244
288	79
285	75
326	164
305	194
342	24
300	198
299	16
304	79
270	52
332	403
289	415
273	222
298	79
304	385
336	150
325	138
287	226
260	19
370	79
351	173
374	220
295	19
362	223
347	18
272	27
301	399
345	123
383	83
356	5
341	93
377	64
379	142
301	40
311	223
346	99
358	147
287	106
293	179
313	11
358	7
349	22
305	114
310	36
334	79
300	60
335	123
353	57
382	10
381	79
299	395
384	229
295	16
279	144
272	16
308	404
319	7
349	53
315	95
323	409
280	56
287	403
290	136
305	106
300	206
298	101
383	122
377	2
341	79
322	214
286	385
124	79
273	26
341	7
382	85
310	55
342	96
379	105
377	141
250	229
267	112
294	77
81	231
347	57
379	10
352	93
315	54
305	27
290	176
357	190
352	53
123	79
327	14
342	25
284	59
279	79
378	22
272	157
383	84
336	391
342	2
279	79
297	137
292	400
258	15
277	79
378	19
338	226
383	219
275	1
346	394
125	155
380	166
324	108
344	20
372	136
347	18
335	237
383	7
347	29
355	16
334	37
318	220
356	93
81	393
318	84
266	53
253	51
289	16
275	191
341	160
301	23
329	79
285	417
274	18
305	106
281	191
355	15
375	34
310	8
356	163
352	120
265	7
355	82
285	134
298	56
308	410
341	11
361	219
293	180
343	116
260	32
383	120
305	56
345	91
340	420
317	220
315	81
330	122
346	9
356	227
325	227
378	7
340	13
336	116
264	113
260	11
267	52
347	7
341	111
311	133
264	136
333	177
293	222
305	216
378	7
250	79
309	15
270	87
265	79
308	3
294	93
322	8
333	5
276	402
344	136
342	90
289	220
278	422
338	57
266	102
279	202
314	162
299	28
335	407
334	45
342	241
309	7
320	79
281	79
311	8
335	418
375	246
339	127
379	84
304	8
337	185
262	396
258	170
296	7
347	34
286	10
346	25
337	412
334	393
290	151
349	79
355	69
294	232
256	131
293	128
310	7
384	22
381	24
322	137
270	204
279	242
21	203
352	4
300	206
287	408
335	390
309	385
382	14
335	81
305	225
314	74
305	234
296	7
313	98
336	31
342	131
266	227
355	385
336	51
375	127
286	32
381	224
338	131
274	22
355	120
81	111
318	415
310	20
275	241
292	195
296	407
313	7
275	106
384	408
337	100
366	26
346	19
294	110
338	395
293	7
315	191
275	80
335	225
382	51
326	56
336	5
259	102
264	81
326	17
369	138
298	114
310	8
260	106
377	29
301	14
347	247
351	84
258	29
284	5
338	67
323	233
273	41
337	123
344	79
276	50
305	29
290	48
278	180
264	393
347	143
377	104
331	183
348	2
283	96
250	25
341	106
342	146
260	6
338	245
293	391
300	7
379	235
348	228
337	30
342	45
289	40
384	117
314	40
335	404
335	7
329	140
348	93
382	56
314	18
306	81
319	205
290	238
294	81
290	7
309	79
314	155
278	197
286	96
340	14
323	80
269	45
348	9
304	122
356	93
358	158
256	161
267	166
256	44
352	85
347	33
333	29
271	7
384	41
81	27
305	51
289	126
281	7
348	418
314	182
321	7
336	8
300	249
368	389
373	95
355	17
300	7
341	25
306	179
352	143
337	23
374	195
324	192
274	57
303	221
300	129
298	20
332	138
341	24
342	20
320	132
379	88
279	199
378	162
294	84
300	227
355	11
326	53
280	228
335	79
347	79
382	123
123	52
374	80
278	110
312	169
384	70
297	416
263	32
355	15
278	21
270	26
294	6
354	236
272	19
289	85
371	40
338	392
309	15
347	219
284	15
371	219
309	64
124	29
298	387
357	79
290	58
340	39
347	106
365	34
125	45
252	7
335	26
288	110
260	99
299	143
336	222
310	11
364	221
356	14
79	81
324	79
349	10
275	406
340	23
381	136
356	22
318	104
310	229
266	218
344	36
297	146
382	8
301	106
381	122
342	106
291	184
