422
296	7
275	411
310	79
255	160
305	99
345	45
308	123
301	210
341	12
367	123
125	15
333	222
346	18
342	8
379	58
326	92
378	402
334	7
335	393
309	216
305	63
377	66
270	86
338	99
330	7
383	157
304	122
347	106
368	207
376	415
310	421
315	183
325	40
380	93
363	25
380	153
346	29
260	14
339	72
374	11
263	81
321	395
342	393
254	24
348	122
304	7
346	34
379	79
277	411
335	409
335	29
250	248
349	75
308	209
346	400
273	169
379	84
365	79
355	56
258	195
335	6
274	219
262	80
310	7
275	8
305	111
286	40
251	222
378	136
276	227
342	8
299	391
281	8
305	15
336	20
256	158
314	7
342	61
288	112
256	105
347	84
379	155
297	197
255	79
341	33
334	23
294	8
298	106
39	22
289	8
290	10
347	419
342	208
290	18
375	409
276	105
347	101
288	25
278	405
256	32
327	399
299	418
310	106
347	21
296	51
335	99
298	44
356	7
298	79
289	132
283	186
308	107
276	36
337	235
384	14
335	10
344	227
374	25
337	79
352	16
336	15
297	178
323	189
335	23
344	404
356	15
333	79
288	7
319	45
308	7
260	34
266	79
335	29
307	81
305	219
342	15
266	7
314	225
335	48
293	51
362	127
352	394
341	420
352	227
378	16
296	151
331	7
290	81
383	27
277	80
349	239
348	114
275	103
350	79
352	57
256	79
300	7
262	28
278	81
348	96
341	26
342	79
349	41
288	102
326	173
276	70
285	225
318	404
81	25
320	222
356	7
379	106
267	25
355	242
284	16
297	7
347	133
313	121
287	393
335	231
313	237
377	11
305	57
286	45
378	52
271	11
383	143
312	219
359	79
267	14
332	9
328	393
293	11
384	240
383	81
344	106
322	416
286	22
268	4
271	7
276	137
309	47
383	51
373	237
347	11
311	139
338	143
376	30
334	114
340	131
302	29
287	104
338	74
304	14
293	44
379	191
384	79
340	8
356	81
349	234
336	80
347	93
336	80
382	79
286	7
307	7
336	120
309	57
300	164
341	42
287	16
265	79
349	7
333	137
377	20
278	85
287	222
309	131
345	166
339	407
393	104
267	80
314	78
278	50
357	96
338	81
319	5
274	106
81	8
342	165
338	93
342	14
382	7
323	224
337	8
273	22
272	214
278	184
316	19
341	388
338	398
274	85
279	28
258	99
303	94
335	422
278	110
347	127
358	14
270	122
256	402
349	5
309	177
375	161
286	4
356	2
305	79
311	7
347	202
347	128
337	79
374	85
351	387
290	10
302	191
299	135
374	187
272	83
345	390
285	104
277	394
304	79
315	385
358	32
21	122
276	79
299	15
79	59
341	34
340	18
356	391
381	111
281	79
342	225
81	124
347	9
301	175
257	2
334	6
292	229
375	227
351	26
314	45
314	249
346	36
266	93
384	7
298	408
272	12
317	80
289	6
275	179
340	219
290	85
314	98
339	388
355	81
360	7
269	223
343	405
378	79
309	233
353	53
271	216
270	16
286	41
355	25
313	6
269	56
314	7
279	131
356	37
381	195
341	229
347	170
266	171
372	140
335	389
272	111
294	229
327	203
356	7
382	99
280	18
277	385
290	127
305	38
305	79
309	117
264	93
355	51
258	403
339	76
344	84
292	60
264	228
352	5
290	168
305	93
337	102
380	101
270	236
306	5
356	123
325	149
340	7
378	99
347	194
81	114
123	17
348	172
287	7
321	8
375	79
356	8
81	239
346	19
298	138
384	79
324	140
266	7
346	2
356	229
123	79
378	57
299	421
338	220
326	194
334	25
266	193
384	31
124	79
276	386
293	196
250	51
289	6
288	150
123	7
337	221
307	220
377	110
293	79
252	226
379	80
258	82
288	129
375	31
336	130
329	398
325	29
380	13
330	5
323	14
313	123
326	176
297	138
258	106
305	41
293	40
289	219
298	229
256	106
290	385
331	10
315	106
291	25
298	11
337	113
351	51
124	123
355	29
379	7
332	93
266	413
273	134
325	223
336	205
355	15
264	27
349	27
290	106
347	385
338	80
283	81
298	96
356	91
306	7
265	53
289	48
384	245
358	7
342	99
258	27
298	117
382	79
383	406
374	222
369	111
270	32
299	191
125	87
305	223
314	2
311	22
323	231
364	403
270	52
341	136
308	106
336	45
347	95
274	46
275	219
318	7
309	79
288	179
300	106
355	393
313	12
272	391
279	10
303	93
297	147
315	242
295	31
347	411
344	54
300	222
301	166
361	188
342	79
376	93
285	19
290	396
355	389
296	79
352	22
335	6
346	106
304	27
264	146
383	8
321	241
259	55
255	8
255	15
321	120
279	196
309	11
309	67
322	122
341	136
300	221
314	217
348	17
370	143
286	93
282	7
318	11
274	237
301	136
124	15
275	222
271	148
313	412
298	26
255	51
355	180
298	7
304	144
371	20
350	27
305	183
280	23
337	204
294	225
293	71
300	53
293	8
377	62
355	79
324	79
347	93
279	79
260	79
264	120
324	218
305	202
384	7
266	7
264	99
296	223
381	391
352	157
275	220
256	24
345	95
357	131
336	21
334	34
354	25
284	56
314	57
346	123
382	7
305	145
298	88
356	107
300	137
352	410
382	156
255	2
355	83
333	201
270	405
309	219
310	192
310	42
355	155
290	19
382	407
305	22
260	206
353	73
383	59
275	8
260	10
261	126
381	83
358	198
322	32
345	120
377	108
294	32
349	37
276	35
379	15
351	39
356	238
384	385
310	183
304	391
366	79
279	14
310	221
336	100
319	10
352	40
355	8
334	7
260	391
338	110
329	16
310	79
279	194
324	119
294	180
337	24
337	52
346	225
264	227
347	79
349	136
341	128
344	53
299	134
352	19
273	162
327	7
305	232
355	77
346	100
337	97
301	80
298	56
332	131
260	6
334	79
301	116
295	106
255	23
320	57
295	80
280	52
346	84
379	80
298	102
356	26
335	206
305	7
375	142
294	7
324	23
347	95
332	408
341	122
81	418
351	84
347	62
272	79
300	18
347	119
278	5
279	127
266	79
384	229
310	199
307	79
266	401
371	122
347	391
277	43
318	5
351	230
337	17
300	141
293	49
304	111
377	167
234	99
347	228
340	68
124	184
300	162
274	64
281	10
81	159
299	35
345	163
377	211
256	100
287	13
346	243
310	41
384	24
374	110
290	420
320	34
314	7
298	79
315	7
267	1
381	215
378	183
378	392
337	19
383	11
278	185
271	193
355	79
315	64
270	226
347	36
327	393
298	174
382	79
356	9
309	27
309	414
382	20
310	58
285	56
378	3
345	57
273	190
342	181
21	19
356	221
378	80
272	65
380	163
377	204
289	220
329	93
313	127
260	7
275	85
290	111
345	89
345	101
300	109
301	19
378	179
380	115
340	212
310	415
275	26
273	11
315	69
355	84
291	116
376	385
348	213
250	131
343	403
272	182
336	16
274	79
342	90
347	96
289	106
311	137
338	215
318	225
314	230
305	223
278	146
285	241
284	79
260	219
333	8
267	7
310	8
280	23
300	200
348	22
250	161
337	99
347	246
344	56
294	385
300	118
375	51
293	110
377	53
253	19
123	247
294	51
279	395
305	20
306	138
264	219
305	121
371	136
382	110
326	136
377	16
272	417
288	203
300	113
278	30
280	80
336	2
371	17
81	397
309	8
379	154
300	16
324	152
377	244
