422
314	225
284	79
380	225
336	170
298	7
336	159
349	402
264	126
326	81
250	7
367	229
300	100
81	79
294	181
318	7
335	22
260	174
271	7
317	229
300	16
347	32
285	230
271	392
308	85
325	60
345	47
349	83
296	403
341	79
304	11
305	25
276	18
384	16
335	393
277	222
266	80
305	222
384	15
347	7
377	106
303	206
382	123
356	52
310	127
256	25
382	41
294	102
287	79
347	7
296	79
250	9
377	2
318	51
270	237
349	82
382	29
328	79
293	79
369	106
266	41
355	51
379	116
300	221
81	109
320	113
284	230
333	51
274	51
379	29
305	73
382	81
125	114
310	37
302	32
356	184
327	29
322	219
336	51
347	388
289	22
335	14
300	184
340	79
304	127
299	80
297	244
253	13
375	42
323	42
378	122
347	84
266	35
352	112
345	34
274	3
337	119
314	86
349	242
383	132
341	162
344	7
371	104
347	106
350	85
375	115
330	79
351	396
305	131
357	120
283	18
278	245
286	23
260	239
383	223
256	195
344	79
290	223
288	8
346	136
300	2
358	391
322	391
305	93
378	84
293	391
339	127
310	103
324	37
290	195
336	222
315	151
312	388
342	120
380	208
377	401
279	62
125	232
356	7
276	96
349	395
292	16
296	94
347	219
264	79
315	31
332	227
293	25
287	225
380	393
314	154
275	51
318	106
356	416
321	228
347	96
330	224
275	420
340	106
258	226
285	11
341	400
305	419
335	140
347	7
384	107
267	11
290	138
379	385
290	7
299	7
285	20
311	27
320	111
273	166
286	87
276	79
356	79
124	53
310	35
316	183
81	229
377	136
305	32
313	11
278	88
332	6
267	32
384	116
297	7
349	5
304	178
314	152
314	11
298	26
326	46
262	93
310	385
360	393
381	155
347	2
374	29
314	79
346	217
279	206
266	106
310	7
260	389
267	15
255	11
270	72
355	222
344	15
318	136
287	21
305	10
289	26
340	57
305	117
378	40
337	153
379	7
382	391
344	249
338	25
275	99
305	14
348	97
298	53
278	179
337	83
371	54
252	79
283	68
271	106
382	221
297	43
264	194
323	131
265	96
305	180
265	8
333	156
276	25
346	138
308	101
288	56
376	85
345	121
335	7
355	6
284	8
384	411
273	27
381	107
294	30
290	122
371	8
301	225
21	39
292	145
299	20
324	122
336	8
288	122
299	106
306	99
290	10
376	141
300	202
314	219
315	44
379	79
342	406
299	8
350	15
348	95
347	227
272	102
293	404
337	190
123	391
293	246
293	99
280	7
336	26
352	194
379	15
356	57
374	146
383	191
352	1
266	27
334	85
313	393
383	134
272	228
300	80
278	223
298	122
342	393
262	110
286	40
299	14
339	387
293	212
293	111
347	150
376	111
21	7
334	58
382	5
345	93
298	64
336	45
300	108
352	79
334	412
274	52
296	79
333	79
331	7
314	80
290	136
276	239
347	234
358	79
342	90
370	415
337	79
356	139
304	24
349	80
266	79
298	2
320	173
355	23
353	7
336	71
256	143
81	11
322	33
313	229
333	81
377	17
379	186
378	421
309	17
300	119
264	219
355	420
277	79
342	162
315	79
349	7
304	81
329	135
327	7
384	79
342	241
123	10
287	15
313	23
393	29
315	167
347	85
319	61
363	34
305	210
334	22
379	169
309	137
314	171
321	188
355	219
352	91
293	4
309	157
294	120
382	81
335	200
336	69
277	8
272	136
355	385
357	84
329	7
310	411
338	237
256	62
278	405
285	10
378	222
258	398
311	100
346	163
287	5
351	7
384	117
251	19
309	247
332	20
298	227
290	22
339	53
341	223
346	84
286	79
280	7
340	41
305	227
311	28
301	19
260	177
355	176
264	77
356	161
342	7
298	12
337	215
275	51
301	16
377	36
289	79
340	148
335	124
270	8
301	391
298	5
335	128
279	248
337	131
321	24
358	57
346	50
299	123
378	137
281	386
326	57
271	158
309	193
277	241
294	38
345	51
81	11
304	399
308	96
338	136
342	79
335	19
336	143
124	79
313	59
378	7
356	221
288	80
298	45
343	19
384	78
337	227
346	70
352	191
298	95
272	385
307	201
270	146
266	25
255	136
279	6
344	216
305	79
359	7
340	8
336	99
346	45
260	58
272	220
326	53
311	104
346	187
325	12
351	197
381	20
337	44
286	8
301	36
286	120
288	79
270	81
347	11
286	80
272	65
383	409
309	138
337	16
376	163
234	131
257	93
384	219
279	394
342	209
323	36
382	93
324	130
377	14
355	106
355	235
290	19
345	229
272	7
274	421
342	79
278	79
289	405
321	106
335	127
309	220
354	143
256	2
383	8
309	23
307	79
79	26
341	418
379	14
275	57
361	128
375	8
347	45
309	219
355	7
300	129
342	110
356	105
334	15
380	240
310	10
381	102
332	16
264	222
348	216
259	226
314	92
334	98
310	25
338	76
309	203
269	140
280	34
258	223
300	405
295	215
298	80
81	160
341	8
277	79
341	95
335	27
263	19
338	57
264	122
305	114
368	111
276	194
346	225
279	5
258	14
348	30
334	12
341	189
268	15
305	123
347	52
351	183
309	7
123	89
355	7
124	179
287	9
274	81
366	2
347	213
374	93
310	7
338	57
301	191
344	32
347	22
353	5
295	7
306	16
318	385
308	205
352	101
347	27
289	6
355	196
333	56
362	202
356	7
81	131
324	23
276	231
313	106
260	7
336	8
291	100
278	14
356	238
297	218
314	395
383	110
355	84
274	25
382	79
308	80
307	111
375	16
270	8
325	11
352	122
293	8
304	182
310	204
306	203
298	414
384	18
374	7
341	99
335	28
273	51
341	409
275	185
383	40
327	407
313	48
348	113
279	106
39	110
356	193
355	15
256	79
319	121
298	403
275	31
254	220
374	22
351	219
289	110
290	27
273	13
274	6
279	18
289	79
298	20
267	56
356	93
319	64
310	79
294	225
280	411
315	390
335	408
346	137
267	34
314	422
341	118
338	25
378	8
345	385
346	397
300	147
290	27
264	7
342	40
279	407
307	14
305	183
377	164
329	204
291	55
379	105
272	7
342	110
278	133
356	8
378	131
255	7
294	402
324	79
344	221
337	81
281	19
269	59
338	52
380	6
255	7
272	137
343	83
356	207
371	417
355	99
364	408
309	236
347	79
275	19
347	99
305	175
375	413
290	22
270	19
349	410
305	10
288	41
260	243
348	155
282	56
288	199
375	237
347	99
358	393
303	4
273	56
337	99
383	93
309	144
296	123
289	403
347	391
270	99
378	84
300	17
338	9
377	219
345	214
255	7
304	166
335	53
258	31
261	93
348	80
301	79
331	404
346	104
123	79
124	180
356	93
324	161
352	179
255	5
365	56
294	142
345	242
288	67
347	17
334	233
309	123
342	74
276	80
300	127
275	34
81	79
310	134
266	26
297	7
250	7
250	220
377	394
380	16
337	49
278	111
256	10
310	8
266	23
381	7
300	211
260	63
255	114
379	7
280	106
278	106
326	196
341	222
281	66
384	149
258	75
351	168
378	93
295	192
377	24
325	45
347	123
305	183
260	29
374	79
338	79
372	101
298	21
302	15
256	418
299	6
266	231
375	79
273	389
340	165
285	10
347	198
305	93
290	398
327	157
339	229
355	106
323	172
275	81
271	48
373	24
378	80
377	385
315	415
337	80
352	18
