422
338	162
349	219
378	122
310	222
305	79
258	4
338	141
270	2
338	2
345	166
304	395
299	99
323	7
293	178
304	42
349	227
375	14
352	16
360	200
285	92
328	97
380	93
336	36
293	99
345	5
287	219
346	95
374	128
299	22
286	5
324	79
320	231
337	22
290	391
297	7
250	173
384	220
355	191
278	123
349	79
379	412
335	10
382	215
315	106
298	48
270	79
309	57
320	8
272	136
123	8
356	237
340	136
309	52
342	114
342	131
368	236
279	84
310	229
81	56
310	32
290	106
276	85
347	107
337	45
283	79
281	16
279	81
279	90
270	93
272	51
337	79
255	217
355	216
280	208
337	7
250	190
379	8
342	56
355	79
336	79
326	411
288	77
337	14
277	19
356	30
307	14
295	402
355	14
358	110
313	27
290	127
21	154
384	122
382	57
255	8
351	121
345	219
296	127
258	23
270	221
357	4
315	16
311	213
313	191
377	79
286	161
305	138
300	34
325	52
267	36
346	43
81	29
250	202
294	24
336	100
381	27
382	79
357	33
327	79
383	80
125	16
383	404
289	81
358	7
278	46
81	120
334	81
267	24
305	55
256	72
305	68
379	120
347	7
349	239
123	84
271	79
310	112
378	80
299	240
338	19
336	100
289	111
266	129
293	15
356	130
260	96
384	419
298	17
335	391
281	223
298	106
315	58
289	227
256	393
379	145
356	11
305	85
293	25
375	222
347	8
348	12
348	206
298	140
377	385
381	20
351	234
375	238
264	53
332	122
265	59
267	407
321	235
341	408
334	15
374	56
267	123
266	391
325	25
313	404
347	389
375	410
329	227
341	175
264	247
277	51
297	85
288	237
346	225
309	201
342	111
333	79
124	93
379	229
356	53
298	79
349	237
272	12
347	223
258	114
346	7
380	58
356	233
327	398
351	93
287	27
348	109
378	23
300	25
342	22
277	106
277	29
298	85
335	385
372	158
324	392
81	415
266	84
340	106
341	65
266	7
307	79
301	7
336	7
298	171
310	120
314	36
269	244
380	8
347	123
279	71
342	40
304	27
268	396
272	19
294	79
379	421
285	393
299	40
314	403
314	393
324	223
307	15
327	163
304	79
275	25
279	8
348	106
337	194
271	192
346	196
348	155
308	51
304	243
313	83
300	152
355	9
262	223
317	118
335	166
350	11
273	225
260	179
305	140
272	415
300	26
348	73
380	387
384	42
383	227
305	177
344	14
375	23
262	44
295	32
314	222
344	7
347	105
342	78
345	123
321	400
81	25
313	11
342	246
341	136
379	62
346	209
376	106
377	85
337	391
290	101
296	54
254	122
293	220
344	136
322	12
384	136
298	122
379	80
309	10
356	123
338	41
276	385
265	405
251	51
260	131
336	110
255	241
352	34
374	15
378	60
273	2
340	11
258	191
285	79
341	31
379	134
310	99
281	144
266	79
309	222
332	80
374	183
363	207
306	167
351	418
378	7
323	51
379	391
278	18
318	182
353	80
347	7
324	93
384	211
393	104
310	229
378	181
342	230
308	193
309	119
345	106
280	84
288	10
256	219
335	99
358	20
371	30
346	75
355	64
260	205
374	218
356	204
310	13
309	231
275	87
336	80
347	15
380	25
352	222
347	37
256	15
341	395
294	10
378	7
334	86
300	241
314	225
288	19
342	93
338	202
301	180
314	126
347	215
274	7
297	394
350	119
297	93
264	81
256	222
337	9
384	111
294	79
336	52
309	2
341	16
341	7
278	80
344	110
285	53
344	23
305	8
298	138
124	155
354	7
323	416
300	110
272	242
260	38
297	9
378	203
382	219
348	29
377	136
290	99
333	16
309	14
347	7
287	420
293	93
278	89
355	225
314	22
261	219
326	79
257	32
260	8
276	8
346	79
356	61
275	45
315	48
377	83
271	95
338	5
274	13
298	34
304	51
318	100
309	137
335	8
338	93
338	388
278	405
280	123
258	53
293	172
306	102
383	27
352	11
355	82
347	219
296	186
288	56
305	242
21	19
266	143
255	15
382	204
290	391
302	88
335	56
315	93
298	26
284	116
335	79
378	226
337	26
382	228
346	47
349	7
382	7
315	81
316	21
276	6
347	219
334	127
276	20
305	391
358	79
355	51
342	127
355	102
305	79
376	101
345	168
378	41
318	79
278	63
284	393
290	390
324	80
256	8
275	7
336	146
298	79
305	107
300	17
274	28
298	3
300	106
356	17
340	137
356	106
309	7
361	79
255	116
315	161
314	7
346	122
352	226
383	20
336	41
320	79
355	422
300	128
366	10
298	117
284	22
381	206
347	169
308	385
311	80
260	196
319	7
382	5
278	406
286	229
264	80
343	8
377	19
287	23
296	6
327	44
294	179
279	16
331	403
353	212
292	11
324	159
270	40
337	8
341	102
304	7
309	91
355	27
286	16
335	405
351	224
384	165
271	5
370	79
299	385
266	7
264	393
301	35
274	26
355	45
252	220
334	7
374	413
298	402
377	133
364	111
291	79
352	1
367	79
276	228
81	14
329	106
303	7
323	7
270	7
267	134
273	188
299	7
289	34
300	411
279	79
321	79
288	195
326	111
274	79
304	51
345	25
337	99
293	96
271	64
301	79
294	146
384	136
234	179
335	84
383	183
125	229
375	108
376	45
290	223
272	22
326	7
259	148
382	93
352	18
300	135
369	113
264	6
308	32
371	111
356	110
347	189
340	7
301	6
305	79
334	59
282	174
296	170
289	162
375	225
345	25
347	79
305	394
274	403
314	7
336	195
287	399
321	7
266	23
273	417
286	8
313	198
343	239
287	194
256	389
325	7
351	183
337	414
310	79
275	194
276	56
295	7
301	104
310	106
266	143
278	99
272	11
336	106
381	35
290	385
377	245
305	184
312	8
333	8
306	49
342	80
255	24
322	180
255	79
339	225
275	15
339	96
279	34
290	7
335	127
384	26
352	160
319	21
272	29
299	81
286	24
359	7
347	8
333	74
356	10
293	164
81	80
264	39
349	185
383	401
300	79
373	98
377	121
81	151
275	230
318	41
270	122
256	137
332	220
303	19
279	411
337	187
355	6
334	51
298	80
347	388
273	29
264	40
356	420
347	131
346	214
322	222
278	79
309	53
331	27
273	6
356	66
377	8
300	248
340	79
371	157
344	14
352	67
79	407
335	70
356	52
335	16
365	117
356	398
352	176
305	386
258	96
124	203
326	7
124	11
339	193
250	2
305	10
377	103
311	7
275	11
341	83
329	110
332	219
276	418
355	105
345	6
123	183
346	95
341	7
305	131
310	29
347	17
123	124
253	10
300	62
337	19
290	142
290	131
346	157
294	409
338	106
381	79
378	199
349	5
318	7
339	221
309	18
310	216
305	397
347	79
310	147
294	409
280	81
277	2
344	94
300	22
362	18
266	104
325	139
260	106
355	184
286	5
377	15
347	227
289	385
342	221
275	120
263	25
307	79
349	210
274	393
289	232
285	156
347	153
308	249
347	138
383	57
314	93
347	7
290	18
305	229
305	150
280	31
260	57
383	99
379	137
319	28
302	32
342	114
314	57
311	20
269	408
288	99
340	45
283	221
355	7
380	132
270	57
347	57
275	7
371	37
376	81
330	19
289	31
301	131
293	421
288	113
334	69
382	50
378	15
330	101
299	115
333	149
291	81
341	11
39	84
313	99
292	143
310	197
314	163
335	76
384	79
