422
335	80
337	229
349	64
287	110
336	122
275	402
344	79
339	20
298	219
341	194
81	22
278	122
334	57
308	7
355	175
380	389
326	45
279	79
256	196
322	19
310	93
293	18
250	19
81	105
326	80
347	247
353	208
277	79
309	15
347	75
356	407
277	420
382	418
313	411
321	79
379	154
376	31
289	412
350	232
336	225
304	11
333	7
274	422
349	104
378	11
338	85
271	155
274	8
314	227
315	415
289	19
264	80
309	391
374	216
287	83
342	76
309	130
382	137
320	136
384	10
260	203
315	235
341	111
364	29
355	79
340	56
278	32
278	27
377	50
255	93
276	7
321	103
299	18
279	393
305	25
349	20
340	108
290	162
275	8
378	47
275	229
346	99
332	16
287	41
336	180
334	59
335	8
317	106
266	223
265	152
347	25
323	77
344	3
316	11
276	217
347	30
378	385
347	146
278	385
383	9
123	114
272	113
310	7
305	16
305	408
336	186
346	420
380	415
290	409
342	6
124	199
318	120
381	66
345	51
347	19
378	81
330	106
343	22
352	238
352	74
349	218
125	414
380	79
310	7
251	5
301	57
320	27
378	421
337	222
276	88
335	14
355	61
348	124
341	390
355	53
295	391
327	62
310	81
336	85
125	123
384	95
346	121
267	219
347	143
323	33
355	148
324	6
266	229
309	193
356	79
318	155
322	84
304	2
356	219
301	127
347	15
384	7
274	144
255	128
324	7
358	106
284	45
341	406
313	99
280	8
339	95
256	115
341	69
370	223
375	106
355	123
81	127
281	122
271	22
284	156
344	80
267	39
267	79
305	7
383	176
333	79
338	400
369	397
382	142
293	27
305	205
259	40
124	96
356	106
335	183
310	12
384	170
298	197
300	93
315	48
393	195
299	9
342	401
267	24
356	79
305	16
377	42
381	99
286	16
348	16
258	231
313	163
351	22
269	28
292	79
383	79
290	172
356	209
260	127
337	134
298	167
318	410
258	405
344	70
341	19
260	177
358	225
384	111
286	46
256	11
325	137
290	216
309	59
322	221
296	8
325	227
384	202
356	127
381	104
361	8
285	204
276	249
276	52
347	240
325	56
334	14
123	117
274	116
321	402
309	89
334	403
360	11
275	7
277	36
305	120
310	140
124	25
300	110
335	99
355	143
342	79
324	29
333	396
384	385
348	42
306	163
294	19
335	246
294	239
267	27
311	122
281	25
378	30
334	7
356	7
336	80
289	220
342	38
339	65
378	419
342	25
352	226
341	40
264	53
306	399
275	79
295	398
356	22
383	385
290	45
272	79
256	7
382	8
81	100
280	7
346	101
383	79
264	106
358	393
349	227
375	15
305	120
262	12
349	221
324	105
337	85
276	212
289	36
277	14
314	19
336	10
297	37
346	18
348	193
258	8
278	97
315	138
351	135
255	391
380	79
310	131
300	18
305	79
342	80
341	113
290	93
293	106
338	110
379	184
312	178
81	101
310	23
298	210
123	93
346	192
260	160
313	79
329	411
376	80
368	7
379	32
378	394
383	56
314	409
353	7
309	123
380	102
307	32
363	159
326	15
338	2
270	53
289	4
263	41
347	213
278	79
337	79
355	56
282	26
250	5
291	191
356	52
326	5
355	225
379	133
356	7
290	11
275	107
288	405
260	8
294	45
301	7
379	20
337	392
305	106
298	136
290	45
255	51
384	53
261	153
344	183
300	80
342	7
340	161
379	206
335	139
305	81
266	72
309	221
336	104
346	22
381	20
326	52
309	7
377	79
324	206
337	27
286	223
381	10
287	56
380	228
302	111
305	23
307	79
371	395
256	165
346	17
342	34
345	227
323	40
300	102
314	237
351	110
304	404
357	24
313	57
347	93
264	79
357	79
284	134
342	14
314	92
314	8
378	7
279	23
310	418
294	111
293	7
288	10
275	7
275	51
305	2
301	22
296	16
356	242
289	241
39	391
234	57
356	123
332	171
298	101
305	146
355	44
256	85
341	114
366	25
349	26
274	220
374	5
338	40
298	7
297	63
270	7
333	100
378	191
273	79
288	80
304	79
301	222
285	79
355	136
270	215
270	80
293	119
21	99
308	12
294	243
299	8
335	244
343	79
290	196
290	229
377	55
287	68
272	136
336	195
365	84
346	132
313	161
278	84
348	190
124	79
382	222
356	35
379	106
320	96
352	57
304	11
330	8
355	79
307	6
338	6
285	79
379	398
300	7
304	225
298	158
272	131
290	237
349	31
298	79
341	21
347	24
273	7
257	57
315	122
302	58
311	227
379	11
278	182
315	84
327	25
269	403
379	79
345	78
331	79
346	180
371	5
374	37
347	93
347	93
329	60
271	183
310	71
270	394
262	388
277	168
305	15
309	23
295	79
337	80
306	35
371	229
311	14
81	51
310	13
299	14
288	27
300	11
303	7
382	222
319	99
298	204
294	223
293	9
314	93
270	62
308	202
348	388
264	43
250	86
288	123
305	8
347	99
339	13
253	11
290	93
318	219
352	34
265	117
294	131
288	14
293	200
346	15
273	407
272	136
345	79
288	185
293	109
297	106
266	214
301	20
338	131
375	7
79	145
318	10
347	7
347	179
333	150
324	7
289	234
347	80
276	141
372	222
346	386
337	241
336	51
310	179
292	106
273	8
367	6
325	15
358	15
273	15
377	121
309	194
264	393
335	413
377	106
313	18
334	79
309	5
340	2
349	67
279	7
290	111
337	131
281	194
272	143
300	137
345	198
272	169
337	96
304	395
299	203
309	51
252	51
377	8
298	393
342	16
305	184
296	123
338	385
359	49
345	189
266	84
374	14
258	8
355	211
286	391
291	166
384	7
275	31
323	128
272	106
311	19
264	222
255	223
315	79
300	138
383	385
335	54
287	136
342	151
286	149
382	4
378	81
298	79
377	239
355	5
270	122
270	24
279	28
340	405
338	1
348	228
300	44
260	81
81	416
273	408
347	110
327	41
335	226
298	34
314	99
355	51
342	23
337	225
336	25
332	84
283	26
274	136
314	391
301	417
288	7
347	107
340	187
279	201
308	220
274	96
266	236
342	181
256	137
383	25
376	191
314	79
305	389
300	56
384	19
377	52
355	57
338	7
286	99
260	220
345	10
275	10
379	157
347	245
280	98
331	183
319	21
356	7
356	219
300	7
347	230
280	91
305	79
283	27
307	58
354	2
278	233
258	229
298	32
266	8
374	391
21	110
355	85
81	106
335	421
335	219
297	7
255	8
300	179
378	29
279	17
329	7
371	7
285	230
377	81
347	404
334	29
383	79
352	162
264	83
341	119
374	10
341	166
345	127
351	26
347	393
254	79
350	215
268	188
286	79
375	79
362	7
304	34
352	140
352	17
327	41
266	129
347	6
335	7
279	106
340	231
375	157
303	100
337	237
280	173
289	219
255	64
296	90
297	51
328	7
319	87
336	102
373	164
272	122
382	147
260	93
375	73
352	131
376	99
305	116
256	138
310	222
293	94
346	6
296	95
299	53
279	26
314	111
352	16
299	174
298	120
337	29
258	16
377	48
382	112
308	93
266	82
309	411
356	23
384	221
294	79
271	81
321	387
332	248
298	34
375	393
300	36
300	242
123	207
260	32
305	15
278	8
345	81
351	403
344	2
382	224
334	81
285	7
377	219
347	29
314	385
347	17
293	7
351	219
310	225
344	118
299	114
271	83
276	126
266	7
250	80
