422
281	8
273	7
304	24
315	405
273	222
278	109
81	79
250	85
352	183
268	165
383	7
393	110
310	202
292	11
281	80
341	25
279	16
290	153
286	8
309	421
308	114
342	80
304	8
275	111
379	99
333	11
346	32
334	411
324	7
234	7
278	418
323	421
335	7
275	179
338	99
382	24
293	17
351	11
358	7
345	106
291	385
295	207
327	220
305	15
286	36
315	13
289	247
345	386
355	184
305	121
347	52
337	181
347	57
256	84
353	100
305	34
338	222
356	7
278	127
356	405
266	93
374	3
256	18
289	239
335	37
256	127
335	104
255	404
371	106
255	397
125	216
382	99
344	80
124	114
356	30
298	29
337	79
270	136
290	216
264	79
359	5
290	79
338	79
381	7
375	8
290	18
380	19
299	147
384	161
277	195
313	93
320	161
293	8
294	211
290	10
276	221
261	389
337	16
278	35
347	140
337	7
300	27
300	126
308	8
123	79
258	11
344	236
266	36
301	201
301	111
298	7
294	15
381	225
379	234
297	53
305	79
125	106
347	62
305	385
346	163
340	248
293	25
311	169
367	229
264	83
314	244
300	14
345	59
266	51
288	116
255	51
293	14
347	81
314	98
277	133
345	122
275	176
347	79
305	394
123	122
266	155
348	79
360	415
286	79
335	20
314	79
305	81
81	122
355	409
277	120
287	8
316	85
378	104
298	159
260	66
340	18
276	113
366	12
378	120
325	106
299	53
347	420
258	171
311	227
335	51
350	97
284	404
256	27
347	93
286	23
340	146
321	107
343	123
347	93
318	163
310	177
345	34
374	86
260	9
280	180
274	106
299	219
298	396
352	15
342	93
294	221
299	106
288	6
270	241
296	7
384	96
351	45
266	27
382	68
352	2
280	105
326	220
355	15
267	19
269	223
380	227
307	50
314	28
278	137
289	53
294	225
287	187
81	23
305	393
326	203
285	16
282	413
342	128
384	7
312	225
384	79
382	40
300	53
348	131
348	25
383	7
305	222
324	194
377	240
303	106
270	223
375	65
378	79
349	48
331	25
352	5
273	118
347	42
346	412
352	210
376	51
341	395
378	108
341	7
338	398
263	27
265	88
288	6
315	120
275	241
260	7
336	96
318	93
342	80
356	123
377	385
321	111
378	131
270	193
374	79
313	194
333	52
323	136
381	148
258	229
342	2
363	84
356	219
321	80
337	10
384	14
272	4
341	222
288	51
348	93
347	249
341	57
272	16
305	19
336	91
310	221
264	19
298	36
273	30
342	129
325	219
294	7
292	390
378	81
274	77
346	25
325	7
300	225
290	103
336	110
384	34
375	79
305	21
355	7
269	7
346	93
304	22
300	394
342	224
266	80
341	164
266	41
334	104
339	398
256	16
356	111
250	115
347	215
294	5
327	79
322	106
318	219
310	61
337	223
315	24
258	51
347	57
355	15
297	80
255	32
341	52
314	138
355	40
344	102
347	7
314	79
258	56
329	16
338	196
81	388
377	22
315	219
309	402
371	79
308	93
335	49
346	9
332	112
283	173
301	195
276	84
353	392
349	87
286	64
326	93
355	135
298	220
322	217
314	76
309	34
296	191
382	31
346	237
337	110
277	183
347	237
300	395
79	6
299	106
347	56
255	7
260	45
262	242
311	162
272	18
275	190
278	7
382	143
289	79
380	233
375	62
289	20
380	7
372	405
346	27
303	7
319	402
378	40
288	7
295	157
343	99
327	60
382	229
347	81
274	31
356	26
346	90
375	19
336	79
123	385
377	8
382	167
279	106
332	7
347	11
342	19
349	391
260	7
266	11
337	393
349	45
375	8
300	222
383	238
260	156
305	144
309	106
272	79
301	15
306	179
305	168
355	12
356	151
279	92
310	223
326	23
280	29
250	37
351	70
293	32
317	22
361	123
336	22
356	94
347	213
362	111
275	93
345	79
310	16
310	79
309	134
124	7
290	100
345	403
376	79
332	20
377	205
346	17
276	127
276	80
322	122
336	81
318	106
256	134
378	15
274	58
348	8
278	123
255	138
344	407
324	8
274	23
288	48
253	219
349	79
274	136
279	408
279	400
382	422
379	79
310	11
356	7
256	84
338	122
374	13
271	10
309	85
356	59
313	229
355	222
320	227
355	128
275	51
280	101
309	51
288	99
384	18
383	166
124	391
340	198
304	21
339	84
302	5
381	387
273	79
379	166
347	154
293	122
267	44
270	193
379	8
260	89
272	110
275	8
326	6
340	7
377	235
272	17
39	7
335	10
334	99
344	57
384	388
336	229
296	27
294	2
335	119
356	14
377	99
342	417
305	143
270	228
351	99
336	411
305	79
310	26
324	11
313	199
81	7
383	56
273	55
254	385
298	204
379	225
314	391
266	57
260	106
267	85
327	7
313	41
357	26
21	180
336	79
304	228
289	136
290	206
349	131
81	131
335	137
305	81
355	16
349	53
293	7
124	408
286	7
270	406
338	56
377	419
285	231
376	245
304	116
280	230
257	33
384	194
351	416
264	95
285	12
81	117
352	136
335	227
329	6
309	174
352	215
298	67
272	19
305	178
384	391
332	220
375	222
348	8
264	29
337	136
347	226
301	124
301	145
364	81
307	7
262	14
346	102
309	225
271	208
330	79
346	223
379	73
344	23
341	127
289	16
347	139
272	79
305	132
383	80
290	420
314	237
351	5
314	8
328	202
384	74
274	11
378	45
310	79
356	56
345	188
379	114
334	80
337	130
307	410
334	229
347	209
309	15
275	43
278	6
298	79
355	22
355	25
289	25
335	32
288	14
336	29
320	27
319	162
291	25
314	123
329	191
293	80
313	1
264	230
278	393
279	79
307	28
349	226
370	99
347	20
377	7
369	79
21	385
330	17
81	401
341	137
279	51
324	7
358	71
355	6
270	58
304	131
358	232
279	121
277	146
342	219
309	54
373	110
286	4
258	183
374	79
342	93
297	96
290	246
378	79
377	175
347	95
378	57
325	11
283	38
310	26
381	218
301	34
377	7
376	82
259	7
334	403
338	25
308	8
295	101
341	79
285	81
377	2
309	393
354	78
298	170
334	56
355	52
319	172
315	10
358	200
290	26
315	5
337	83
321	96
323	140
357	219
264	7
380	80
383	111
356	391
331	84
348	152
276	155
252	64
333	123
335	85
337	14
271	7
300	79
302	158
323	45
314	106
304	10
355	227
310	2
284	29
293	95
267	185
275	29
318	206
300	14
256	47
299	385
287	196
383	122
294	136
299	212
251	120
342	391
267	414
310	7
297	184
260	8
352	41
383	41
339	183
305	79
333	10
380	182
271	399
356	117
293	186
336	69
296	40
350	22
355	102
255	149
300	32
298	204
311	75
278	214
313	81
298	79
338	411
340	72
382	219
347	19
299	189
290	2
352	150
342	79
287	137
334	42
356	393
374	179
337	99
305	106
341	15
339	63
279	57
285	79
309	160
336	20
335	415
276	409
365	231
356	138
347	46
341	105
296	403
298	44
298	83
300	418
345	39
346	107
287	197
306	242
324	142
371	23
265	79
305	80
306	407
276	5
300	389
337	10
378	8
298	391
379	157
309	141
271	131
300	19
349	203
371	192
272	100
333	119
310	35
340	8
335	393
264	113
379	9
352	143
344	79
266	191
298	243
300	7
297	22
284	31
379	15
250	7
308	239
290	24
287	221
123	79
338	127
368	101
342	79
281	110
