422
309	388
341	52
383	79
356	135
341	143
355	137
324	34
348	219
305	79
306	248
272	16
275	28
335	79
314	418
331	41
378	189
297	191
280	21
347	101
275	18
259	8
278	16
307	79
289	15
347	22
255	32
272	7
301	7
296	138
355	411
342	143
338	32
344	22
81	78
264	79
355	227
271	53
305	246
378	40
349	5
337	240
309	164
287	27
334	106
340	167
384	80
298	179
346	7
323	29
281	11
310	30
309	153
332	187
330	15
380	136
264	83
262	26
309	397
342	114
337	9
334	14
300	8
351	136
275	100
284	193
342	122
258	106
325	226
305	231
309	25
326	52
347	225
315	398
343	111
344	14
352	127
345	41
299	219
303	81
267	7
294	195
344	8
346	7
289	173
314	420
79	132
337	398
272	59
274	188
326	107
294	16
347	385
341	79
264	79
81	235
318	100
302	121
379	401
309	84
307	84
368	7
333	403
379	34
123	225
379	99
301	145
327	99
355	31
280	92
352	194
310	180
124	200
360	80
356	7
305	32
260	245
382	6
321	79
318	111
375	8
327	88
255	131
348	185
347	27
300	414
301	80
266	418
383	100
341	53
255	389
260	106
288	15
276	170
379	98
300	27
256	53
383	137
303	19
234	166
347	136
324	166
347	16
372	396
300	52
347	77
289	94
276	416
310	6
328	157
125	45
371	219
264	111
264	148
250	26
275	48
382	209
311	55
377	17
348	242
304	43
349	38
272	21
314	405
337	236
374	16
264	75
337	229
351	81
326	18
339	70
289	420
304	8
349	106
356	212
375	155
355	37
278	53
266	5
298	52
339	14
347	7
260	7
341	106
334	110
371	22
314	241
293	15
314	16
279	7
355	408
378	25
349	409
374	2
382	115
250	19
255	79
320	11
335	4
298	34
309	406
306	8
341	61
338	79
381	25
373	131
289	56
255	111
313	57
375	45
310	80
297	48
337	15
315	37
352	146
293	417
356	117
257	93
298	7
293	123
298	101
260	106
288	19
299	393
277	106
264	219
350	35
352	83
342	44
356	8
81	27
310	227
318	51
377	223
273	7
345	106
320	14
345	131
305	80
382	113
270	174
258	93
325	234
338	59
270	6
310	7
305	25
341	79
278	230
355	12
293	51
276	198
290	137
298	49
332	223
329	400
307	8
377	110
263	106
305	144
314	22
314	146
294	222
384	156
310	67
356	5
378	14
337	122
333	223
286	8
393	74
352	41
274	388
286	391
336	385
335	162
315	85
284	222
298	247
380	237
356	193
285	207
288	23
305	136
293	177
346	10
274	181
305	395
298	225
346	89
279	44
344	190
364	221
374	7
260	393
314	79
313	102
310	5
264	99
353	387
298	127
334	408
348	150
124	120
338	103
81	128
336	10
293	130
277	6
339	95
285	411
334	219
377	57
384	123
278	79
285	81
256	51
298	8
273	154
284	18
288	6
313	168
344	86
271	23
270	29
347	25
313	51
374	79
366	385
266	241
266	64
320	96
347	7
285	392
266	7
267	225
336	222
270	79
347	34
347	202
383	134
288	411
335	101
378	56
344	110
356	79
305	10
256	395
309	79
335	179
275	119
314	26
21	113
379	10
379	79
278	93
348	140
267	14
356	226
301	96
311	99
81	131
341	208
274	407
298	96
351	229
275	19
329	36
357	99
355	111
286	1
279	7
324	221
252	7
325	196
300	56
270	27
377	391
300	36
124	93
290	29
305	7
256	216
337	169
335	79
300	4
354	106
287	33
315	109
315	229
258	237
358	25
371	15
300	394
355	20
383	220
347	17
359	165
347	163
297	222
321	85
272	110
349	79
326	31
291	79
298	213
276	34
305	54
346	20
286	104
314	79
305	7
278	220
312	81
345	422
336	394
384	176
342	142
380	93
318	186
346	9
340	7
349	409
347	79
356	102
301	25
333	15
345	107
347	45
256	184
383	127
353	122
374	122
338	192
346	80
309	80
294	136
375	214
270	410
383	79
335	385
347	7
290	106
331	23
287	95
323	80
377	7
293	221
384	179
290	175
324	27
291	2
301	171
316	15
338	123
374	14
323	389
295	56
273	56
287	79
299	51
324	79
251	22
347	217
351	157
277	239
300	223
322	229
341	391
290	23
310	391
380	102
123	51
384	412
335	402
269	19
338	81
323	249
258	11
296	7
308	62
347	7
269	79
272	57
261	393
329	16
365	80
344	155
370	79
339	120
294	28
379	5
279	141
292	79
276	219
290	162
341	178
265	10
342	225
342	7
256	131
319	7
292	11
288	81
382	126
337	11
352	2
300	6
352	114
272	136
347	79
304	227
299	222
283	81
318	124
294	79
280	105
340	29
287	56
267	229
337	72
380	183
381	218
362	230
310	91
290	51
336	15
290	93
310	39
21	228
255	79
250	120
355	99
336	220
310	129
347	2
382	204
384	23
304	46
280	15
347	79
308	19
293	20
336	8
379	45
313	68
317	84
290	139
326	93
290	8
258	413
358	128
278	36
295	149
277	7
278	116
378	45
375	7
270	99
273	19
376	106
305	151
300	138
337	152
286	180
288	10
308	80
278	11
377	63
340	95
337	114
272	40
379	204
310	138
279	391
347	203
305	197
279	227
378	223
376	24
381	3
346	7
342	57
304	79
273	24
277	85
334	196
336	122
384	7
381	110
288	136
377	118
350	108
271	191
260	80
304	22
301	133
358	99
81	215
325	134
351	224
304	7
309	415
275	19
281	242
285	239
267	93
307	158
268	183
123	119
300	29
338	228
297	7
272	58
309	90
274	221
340	27
345	80
314	60
376	7
342	195
342	81
335	24
367	225
337	385
376	23
369	17
299	93
253	31
355	393
299	50
336	393
298	85
274	405
336	421
340	12
378	399
256	222
286	140
351	87
270	80
125	84
346	85
275	12
294	159
347	8
356	403
296	419
293	112
382	7
355	116
347	79
262	79
332	17
379	79
276	57
287	11
349	243
346	7
380	391
254	104
308	386
39	216
377	64
81	71
332	244
305	7
330	106
286	220
371	222
384	18
355	7
305	83
290	123
296	66
308	122
281	8
355	57
356	121
309	19
124	20
289	210
340	385
377	16
334	123
266	127
123	405
342	161
346	79
378	29
309	184
334	5
348	172
265	51
321	403
310	182
305	106
298	79
273	404
346	206
322	26
309	183
357	227
258	79
289	32
306	79
345	191
266	7
345	20
283	120
271	42
377	117
335	13
341	219
299	5
319	137
378	404
279	194
304	57
294	203
276	390
333	22
341	79
338	69
355	143
336	79
382	206
352	93
346	79
375	8
342	96
382	11
347	104
335	24
266	7
305	106
356	58
314	215
295	40
377	35
378	385
383	7
384	7
321	8
324	219
349	65
379	25
260	127
266	10
384	99
342	237
298	111
313	97
378	16
322	82
293	76
381	14
333	40
289	122
282	105
299	147
355	8
266	25
298	18
315	79
335	30
343	407
290	2
319	205
336	202
305	84
276	11
313	7
279	8
279	211
361	131
275	41
280	8
327	84
345	391
275	93
352	110
358	6
255	93
349	11
335	10
302	415
338	42
260	51
300	161
327	402
311	99
300	199
256	160
355	79
296	123
342	81
250	53
260	13
363	219
335	194
356	229
352	7
300	183
382	62
315	2
337	238
305	233
311	47
297	232
290	26
356	7
81	421
278	32
356	73
348	163
356	231
383	79
274	9
375	393
271	201
