422
286	410
347	95
270	96
326	93
326	11
320	72
355	34
256	188
305	97
373	16
309	95
327	105
346	136
288	7
349	153
346	11
333	7
278	27
375	79
329	51
272	86
298	8
260	215
341	10
287	111
319	225
347	230
255	14
296	213
256	191
314	79
341	47
296	118
336	132
276	7
300	391
335	393
300	420
305	89
260	80
277	7
267	32
276	229
286	7
39	36
380	81
348	85
293	31
380	106
346	15
336	5
324	44
380	52
377	82
334	242
347	102
300	58
345	79
307	165
356	19
264	227
274	8
348	150
299	84
320	401
352	396
334	195
293	71
337	11
255	79
351	51
347	42
290	79
288	8
256	15
382	159
344	121
309	29
314	43
295	191
352	181
271	63
356	239
342	45
309	10
382	133
313	156
272	402
278	131
349	196
347	93
307	79
334	7
377	10
318	85
279	56
356	81
310	178
352	244
347	223
314	81
312	192
304	166
375	4
348	7
355	141
383	19
288	138
356	7
357	6
305	19
313	5
384	385
356	22
302	11
309	398
310	106
379	67
278	91
310	44
364	394
81	242
352	216
347	134
323	395
376	18
258	23
346	200
294	69
260	127
272	385
355	221
327	81
270	18
305	80
370	8
325	7
290	79
293	222
290	128
311	79
356	23
374	122
335	129
274	51
300	79
274	9
315	31
271	225
349	53
315	51
256	78
346	7
287	16
383	25
266	392
265	173
305	2
342	106
305	93
346	26
314	28
294	217
316	117
291	62
301	68
301	79
336	23
342	2
347	24
298	7
305	79
377	127
342	179
279	29
323	84
281	14
313	26
299	203
371	2
278	41
288	235
319	26
384	106
338	416
382	55
356	41
330	26
378	37
287	7
314	409
267	107
276	25
273	16
356	231
250	405
314	106
332	167
304	88
290	193
266	123
335	70
379	102
313	219
290	79
308	14
293	20
325	15
382	203
355	65
326	398
274	397
379	234
315	80
341	16
234	51
274	106
346	202
309	168
347	80
300	422
289	8
339	106
309	100
326	417
301	79
334	137
309	15
355	23
253	99
322	220
264	108
123	395
379	191
255	205
288	119
304	57
300	219
255	10
335	79
345	35
314	15
324	223
377	14
256	79
344	391
277	80
337	226
280	240
298	80
273	403
355	229
346	221
294	204
378	76
305	57
250	17
355	80
355	79
377	146
21	222
305	225
335	116
356	7
287	7
315	79
300	13
367	152
297	220
334	142
250	7
274	17
380	16
351	61
376	196
336	394
382	8
314	127
250	122
344	49
365	79
372	237
341	7
378	7
347	10
341	206
289	51
314	79
81	155
355	225
286	143
284	7
346	9
280	42
374	184
310	45
260	79
378	74
306	59
383	99
340	56
333	385
341	25
266	50
342	29
344	53
358	122
337	120
340	222
342	6
347	10
278	126
336	131
266	98
305	418
321	8
290	41
301	391
347	7
298	114
347	107
313	20
262	393
337	66
345	140
382	136
332	391
317	400
294	81
345	137
341	79
272	405
320	164
274	79
293	17
323	186
359	413
305	99
252	121
343	149
332	415
345	135
258	26
384	7
341	99
355	221
308	224
285	46
275	127
334	110
378	105
345	225
379	60
355	140
352	22
304	45
345	110
384	19
288	175
298	201
305	138
293	102
382	79
331	24
324	17
310	120
384	119
374	230
275	29
356	79
298	120
301	210
251	13
290	111
347	84
311	7
335	389
375	222
358	415
337	7
383	56
355	206
260	220
371	228
289	45
347	95
355	7
338	80
305	8
310	183
381	23
270	403
330	27
342	6
283	122
267	195
289	37
300	28
352	79
342	90
290	136
310	51
338	34
325	385
384	123
302	219
338	20
378	14
125	239
327	411
276	19
290	75
334	32
341	207
266	11
298	22
275	83
299	3
305	7
300	80
298	79
362	110
288	11
340	406
348	34
341	134
270	106
347	7
272	5
308	122
340	176
314	161
291	83
296	4
321	2
299	182
264	101
270	7
301	123
275	79
260	27
314	59
381	170
326	40
305	7
270	387
123	14
256	79
351	193
382	5
353	137
382	81
321	7
278	79
322	22
347	79
279	99
353	223
339	80
342	53
331	386
305	122
313	79
282	58
262	194
381	32
383	64
318	393
342	6
264	10
343	32
382	194
279	404
278	21
324	25
81	57
336	40
344	113
266	104
287	391
351	183
355	20
260	405
381	40
335	52
315	227
256	8
299	403
338	93
378	22
267	93
300	79
303	404
340	123
276	99
379	225
280	38
318	79
347	109
290	14
342	180
264	54
279	9
279	116
285	179
383	189
268	93
340	110
348	209
377	35
350	236
375	11
287	84
337	393
355	19
294	34
346	5
290	212
384	62
124	7
269	93
272	245
351	1
304	385
255	7
310	194
290	104
260	389
269	93
303	385
347	15
356	179
255	110
275	246
352	418
349	219
293	131
298	7
377	130
277	155
352	16
275	151
333	85
124	219
377	103
297	93
310	177
266	53
336	8
304	96
380	139
299	184
384	148
375	7
264	414
383	12
350	10
255	106
329	115
337	187
81	73
354	8
309	31
324	248
322	215
371	222
335	8
310	24
294	93
335	399
356	113
333	8
318	229
347	162
306	48
264	7
376	32
289	57
79	157
309	136
304	2
342	229
276	218
347	22
309	231
289	81
299	25
272	158
81	220
342	7
296	162
315	79
384	2
366	79
300	48
334	390
337	57
259	18
324	57
300	56
349	7
298	99
377	25
335	27
304	183
378	185
281	8
81	21
356	228
375	117
308	8
384	79
363	131
272	411
271	163
293	96
279	137
280	143
379	11
271	106
349	51
379	52
344	219
279	199
272	34
285	421
278	241
338	80
318	227
338	15
371	388
380	216
257	29
352	180
337	7
347	25
297	8
310	106
309	15
329	420
279	24
341	138
270	219
310	136
289	83
328	30
356	81
124	7
124	111
336	219
352	16
273	111
378	94
309	136
327	57
307	391
346	7
377	106
384	79
358	163
307	96
289	11
281	408
276	249
267	8
338	5
377	222
285	16
342	183
276	174
311	79
314	93
292	79
355	27
379	111
335	8
277	22
266	92
356	100
283	208
305	80
379	99
336	12
305	122
266	147
383	39
258	19
298	393
284	131
294	7
278	80
260	391
81	172
360	93
288	229
280	161
336	79
258	171
347	388
258	106
300	79
369	14
378	7
286	7
356	81
292	56
340	127
325	19
379	411
123	110
335	64
361	190
298	7
81	27
376	219
263	30
337	222
393	106
319	214
308	40
374	123
338	99
273	36
349	143
123	233
339	53
337	7
266	114
347	123
348	51
306	84
270	85
299	5
275	226
298	421
285	6
357	157
297	99
337	7
345	112
344	15
256	412
284	131
321	202
293	84
21	124
381	6
375	160
336	136
261	27
355	79
339	111
275	29
374	120
378	15
294	19
309	11
297	211
346	419
349	128
336	237
271	114
335	36
347	106
347	169
277	45
358	229
298	23
351	237
301	104
346	100
300	87
125	79
305	7
273	243
275	41
323	238
305	227
332	198
298	18
349	25
264	25
296	204
348	52
368	79
345	146
335	166
377	407
309	101
293	393
275	79
286	18
295	223
300	12
305	402
315	8
338	221
378	408
310	77
310	101
254	247
278	197
265	56
337	409
273	232
337	385
295	227
333	6
298	85
258	223
356	79
347	241
286	154
313	145
290	407
374	16
286	20
311	144
341	33
383	79
