422
277	95
342	249
329	150
336	231
300	48
349	81
283	163
254	9
310	22
340	42
297	93
383	405
81	79
329	166
298	107
376	99
335	31
347	221
309	410
355	8
382	161
321	101
309	111
279	111
346	52
310	81
346	58
316	51
291	225
379	194
356	136
305	51
287	246
277	91
293	203
81	131
347	128
314	80
298	37
256	393
383	106
293	112
380	106
294	207
266	123
348	28
311	14
379	39
384	15
378	15
281	16
299	230
376	46
334	102
250	6
292	179
274	51
289	14
340	408
279	123
356	223
351	385
384	52
346	7
381	143
321	110
348	85
314	5
314	20
270	401
375	7
337	391
347	79
358	395
255	2
274	212
309	120
290	23
258	14
270	27
278	120
124	79
286	6
347	83
256	225
314	44
309	51
290	15
378	26
275	20
371	404
305	111
298	227
276	102
251	127
293	22
266	7
296	79
266	100
301	4
377	45
361	34
266	10
382	227
295	25
355	26
305	106
379	80
334	403
346	14
296	419
356	6
370	387
377	50
375	13
300	237
356	8
324	40
299	3
383	93
293	146
266	172
305	51
326	206
293	26
355	109
367	7
299	34
383	93
342	69
306	80
290	113
274	215
334	229
284	8
300	393
335	86
371	411
274	102
293	73
335	57
379	9
347	81
352	114
255	145
332	158
377	29
296	12
275	83
263	7
345	79
339	19
266	122
342	7
372	7
356	79
275	165
349	131
356	106
265	7
374	208
275	95
281	96
266	405
298	19
346	36
275	80
356	25
81	81
382	68
351	11
351	7
333	385
314	25
356	396
269	7
298	79
347	49
255	11
347	79
337	127
337	221
314	14
308	184
325	206
341	391
384	197
331	71
336	412
322	110
293	214
376	100
250	79
318	79
275	76
382	237
379	11
324	183
294	229
336	79
356	114
332	38
365	29
334	53
375	228
296	8
306	196
297	28
21	157
286	134
324	106
39	195
337	120
298	137
305	93
279	147
255	35
337	385
378	414
289	229
278	7
354	194
346	15
279	120
349	56
382	106
336	411
295	122
347	237
310	93
336	23
305	162
271	137
342	11
332	113
319	99
305	151
253	392
336	134
309	104
336	236
336	79
297	110
333	15
302	79
267	104
341	36
304	222
300	242
298	93
287	84
278	418
272	7
342	36
344	2
291	137
264	106
314	240
310	129
333	111
348	8
335	11
345	421
309	19
327	29
339	173
271	183
272	143
384	393
374	45
313	404
338	8
276	6
382	80
378	229
308	10
260	40
349	221
377	139
304	81
343	25
270	7
337	169
336	222
310	186
288	100
345	402
273	394
378	181
280	155
330	188
327	19
302	67
286	160
260	180
326	25
272	8
260	155
260	11
276	121
275	222
298	241
342	229
342	7
288	168
276	58
347	156
309	10
326	107
334	23
287	106
298	399
305	54
285	124
304	79
256	178
255	90
274	131
309	11
289	409
124	108
341	40
377	93
338	62
273	227
322	17
332	31
270	17
335	5
335	235
318	226
267	35
377	222
384	7
276	32
340	223
309	11
81	184
349	80
310	80
335	18
355	10
273	16
339	7
355	75
313	7
305	221
266	81
305	7
375	8
363	119
256	187
304	29
349	8
289	12
380	34
264	6
292	5
290	84
300	4
297	27
305	80
307	136
378	142
357	96
266	7
310	241
343	51
311	85
346	388
300	79
259	225
290	219
345	42
319	96
375	213
352	101
375	18
340	101
289	217
324	52
287	79
344	79
261	159
295	27
234	227
338	402
125	61
288	8
384	161
379	219
383	20
313	79
301	391
314	131
296	122
335	16
286	5
123	121
335	127
355	98
318	8
378	19
281	94
347	152
278	398
339	7
355	79
338	64
347	79
299	19
250	140
347	14
305	21
307	106
345	7
315	209
320	93
356	389
348	389
279	88
374	219
347	111
371	93
347	32
279	128
350	45
313	8
328	45
271	203
278	79
346	25
325	198
308	22
383	110
349	7
312	81
373	16
290	96
278	79
255	56
335	25
352	55
294	225
81	149
323	385
290	2
341	14
349	144
255	385
356	395
360	7
298	99
258	53
377	25
356	106
381	239
306	223
270	123
300	239
258	106
379	183
290	26
124	79
381	105
380	15
313	166
335	117
299	8
338	390
322	7
290	20
329	182
336	193
305	220
344	83
256	22
337	224
300	32
335	205
341	56
300	210
268	185
314	66
275	167
338	6
323	85
352	79
279	16
275	409
342	6
341	154
252	385
355	84
272	59
270	114
346	219
352	16
327	79
341	34
310	225
277	413
355	388
279	79
352	111
342	219
341	391
272	247
321	8
304	191
298	7
307	7
355	234
303	204
335	222
355	136
315	170
351	117
319	136
383	407
309	24
303	21
377	7
382	99
380	52
305	40
356	60
286	110
276	56
344	77
364	81
278	116
264	23
336	193
278	202
124	220
275	211
262	8
258	11
274	132
289	20
351	56
258	79
384	82
382	79
326	116
313	122
301	229
260	84
310	417
256	136
300	48
305	14
305	420
325	386
271	232
338	93
383	407
311	16
280	199
282	79
267	25
298	24
278	53
347	106
305	97
287	174
378	10
342	80
341	51
342	15
344	81
337	10
258	420
274	7
313	226
356	15
344	99
81	228
382	177
315	416
123	123
286	397
285	222
333	5
315	62
366	79
288	99
334	93
272	227
79	220
320	80
264	47
298	92
379	41
393	57
123	411
342	29
356	17
288	393
305	79
81	7
285	41
377	57
284	163
256	64
351	5
347	12
294	7
289	126
256	15
260	41
379	65
362	225
264	79
334	106
284	7
293	5
290	385
262	45
346	53
378	7
347	2
384	99
273	218
309	115
294	99
341	43
297	7
338	110
353	146
294	138
355	391
324	175
380	171
264	79
345	242
344	63
277	16
315	27
288	57
294	130
305	133
315	1
301	127
375	131
318	84
271	7
314	79
349	244
384	8
346	18
290	183
347	22
267	148
345	59
300	57
347	122
355	405
285	44
309	13
309	79
309	215
359	57
337	222
267	403
347	418
352	99
384	106
325	137
333	204
337	41
301	140
285	79
356	79
358	18
341	393
331	23
280	51
355	7
380	2
335	80
347	403
266	79
283	17
356	10
320	400
383	192
298	415
347	136
311	131
381	138
334	7
337	122
340	2
260	119
276	127
378	79
300	23
304	79
347	51
300	79
264	31
310	72
338	219
125	56
358	24
299	191
280	415
287	87
327	95
345	19
340	79
278	7
342	219
273	53
260	230
304	7
379	122
374	99
346	24
377	16
269	189
290	93
314	85
317	200
347	223
377	19
381	393
346	398
81	157
315	195
310	85
352	27
298	11
345	80
337	202
288	30
300	176
300	245
286	30
323	7
250	220
276	37
355	104
374	27
293	89
272	7
355	18
308	26
310	27
350	216
368	79
21	394
358	7
301	391
318	10
323	79
305	57
270	238
272	9
341	391
257	194
326	233
340	180
123	135
265	223
288	74
371	408
347	123
298	422
290	216
336	179
305	118
347	15
348	70
324	103
310	123
352	7
384	105
348	84
310	22
277	7
337	33
352	162
270	79
377	190
289	164
378	191
330	29
378	196
347	79
376	248
304	231
379	7
279	34
369	153
357	141
293	243
260	78
264	32
299	219
299	7
337	143
374	406
314	8
342	22
273	179
348	19
321	136
353	8
294	32
308	79
280	106
338	8
355	80
382	201
301	138
272	421
307	219
