422
383	18
271	113
375	106
347	14
344	106
380	56
336	79
272	63
81	193
341	32
335	136
267	64
334	187
293	155
285	16
356	79
332	24
338	154
275	41
328	210
334	8
293	119
377	230
279	124
379	394
314	7
305	34
270	390
337	403
382	7
318	194
286	123
346	84
287	120
309	415
383	391
336	126
256	42
363	391
349	7
378	385
275	413
352	191
293	40
347	391
285	81
273	79
306	119
124	237
290	179
341	226
272	111
321	7
298	120
340	198
352	143
301	15
356	25
346	84
382	385
293	56
256	11
338	228
329	19
308	172
351	72
287	4
318	56
264	41
355	22
347	99
269	26
360	62
348	104
329	42
331	8
338	99
346	116
356	131
356	27
271	144
377	166
310	22
342	222
346	218
347	29
275	79
321	25
355	14
341	110
288	142
266	7
313	14
305	85
314	79
342	196
266	221
314	53
355	114
371	173
298	8
374	93
355	96
250	79
279	29
345	9
374	143
378	139
381	8
309	19
377	7
293	16
272	25
324	10
327	39
270	79
21	79
319	234
288	29
310	80
315	45
300	179
305	11
305	27
297	158
324	11
375	184
302	184
266	385
382	93
296	101
305	21
288	229
358	97
347	5
300	131
359	41
348	216
293	4
315	122
286	7
377	11
322	7
336	81
300	111
294	103
290	385
290	391
265	105
263	32
352	25
274	15
384	25
324	100
347	102
300	162
342	122
260	34
340	45
279	23
346	19
284	52
337	36
315	79
298	417
305	16
339	236
39	136
384	12
275	143
326	23
260	45
309	20
310	7
313	79
287	230
343	14
300	405
345	134
270	10
294	188
279	80
375	23
276	203
313	71
291	403
382	25
275	26
337	51
301	222
260	120
278	180
309	175
355	131
304	420
318	55
378	7
376	123
338	7
273	193
262	68
262	229
256	183
304	13
347	6
347	7
345	239
344	156
323	242
292	177
298	192
349	7
348	237
334	11
272	60
298	93
287	24
347	222
275	411
303	241
298	7
280	5
298	16
375	182
288	27
313	122
304	30
344	110
290	37
266	245
351	140
349	79
352	223
314	111
274	117
345	416
314	221
314	51
384	79
290	107
309	19
292	32
342	111
323	93
310	389
295	393
289	391
378	206
278	81
260	147
298	5
347	191
289	235
272	8
285	145
279	2
81	99
335	106
374	95
307	81
286	23
278	102
266	127
310	225
290	209
321	414
320	148
346	29
272	223
280	393
379	129
293	225
377	11
355	385
270	227
287	131
335	41
289	136
356	82
376	408
314	179
341	22
254	20
325	37
304	393
336	136
288	219
276	93
305	10
299	127
314	25
334	406
300	393
337	6
283	7
348	127
322	213
278	51
349	79
321	225
299	8
332	398
337	27
294	141
296	137
288	402
325	48
277	15
278	79
301	110
347	51
355	133
377	5
307	96
346	28
335	106
304	11
305	231
358	200
319	220
336	17
383	405
358	106
338	79
355	123
310	17
276	79
336	120
366	202
310	183
356	57
304	222
353	400
316	110
289	127
301	106
281	131
378	248
284	53
256	65
347	58
270	40
355	186
382	219
267	205
347	7
333	5
258	106
374	57
350	171
323	409
342	385
341	138
378	57
346	242
277	6
300	7
335	407
379	26
345	79
298	45
277	79
383	7
257	79
267	1
336	9
293	79
348	418
335	79
297	101
309	23
351	14
337	79
379	207
341	136
305	420
296	95
318	219
296	7
342	136
334	114
273	93
347	89
343	49
326	6
336	78
361	115
342	122
309	98
278	38
335	27
305	163
294	233
358	10
356	122
250	34
344	229
123	6
290	80
298	137
384	164
378	53
298	19
332	79
338	85
339	221
344	32
349	412
286	22
383	237
383	239
378	53
300	229
337	26
301	15
347	79
310	225
381	79
341	215
334	32
276	50
274	16
255	59
297	8
314	7
368	80
299	40
302	10
303	46
351	422
305	17
335	90
305	408
348	7
270	407
382	7
255	110
324	161
272	104
373	12
380	79
308	93
315	94
345	146
370	215
378	166
335	183
260	403
258	85
291	53
347	214
300	151
310	404
81	57
364	190
301	208
384	227
299	195
260	130
347	21
288	220
342	386
309	79
315	401
330	69
322	121
266	211
381	197
352	123
356	169
340	224
350	84
274	385
378	153
345	74
355	217
325	52
81	83
381	106
265	397
336	31
260	107
21	106
125	219
264	7
334	15
317	140
251	62
381	18
329	96
333	25
278	80
277	79
320	111
377	20
81	415
298	111
357	19
341	87
353	79
346	93
307	7
327	162
296	106
333	203
318	7
311	102
380	8
337	7
81	7
356	216
380	54
347	16
309	51
266	157
258	36
290	79
337	11
281	247
271	135
355	391
308	152
312	35
326	16
337	6
375	57
384	101
310	204
252	219
255	189
330	84
305	246
338	80
256	7
297	16
285	79
335	93
342	15
123	81
341	8
341	5
79	2
250	388
289	7
234	418
311	79
298	399
266	110
354	168
311	79
352	79
352	29
383	181
124	7
258	5
310	8
352	2
280	3
331	405
357	56
288	15
335	6
305	52
333	229
279	8
383	86
286	7
294	199
346	99
352	84
335	79
376	80
270	24
367	229
272	29
268	219
264	27
276	395
123	51
264	79
365	57
278	161
305	123
382	167
294	7
306	7
266	389
309	196
384	2
314	128
314	127
298	157
326	121
274	20
271	227
371	7
342	222
300	61
393	77
347	8
314	137
255	219
81	409
356	80
332	227
338	238
290	34
256	31
300	195
346	22
335	80
289	7
284	163
255	7
345	185
349	404
377	114
336	106
379	88
301	128
313	76
286	136
280	11
293	194
305	9
355	11
356	34
309	8
340	395
305	28
384	100
279	31
305	48
342	391
379	117
299	47
264	134
351	191
347	85
356	7
300	79
324	137
356	99
337	421
348	58
273	106
277	206
324	8
334	104
275	174
300	93
300	118
269	25
276	393
384	43
377	219
377	99
294	2
266	419
124	80
347	79
258	99
305	223
304	7
327	79
320	227
125	132
255	387
355	123
260	160
305	99
264	8
362	244
376	108
273	113
281	80
336	231
356	106
290	79
276	202
294	18
384	116
339	10
256	155
307	392
380	51
379	220
275	18
267	66
347	112
289	219
323	7
346	8
355	222
341	79
300	149
282	7
255	226
338	51
378	51
379	212
315	8
319	7
374	7
308	81
290	22
372	26
253	44
336	99
327	10
275	7
347	93
306	19
355	223
355	15
340	183
351	204
279	122
271	421
356	7
347	83
304	131
264	170
384	228
345	27
338	19
347	80
298	67
347	223
256	83
299	14
310	201
295	80
305	18
274	22
264	7
295	100
313	33
379	165
342	99
308	394
310	40
285	150
270	56
313	73
274	14
378	178
315	105
289	240
380	411
374	59
290	106
344	159
279	57
371	15
349	221
260	10
335	52
297	398
375	15
377	81
261	81
382	8
278	19
377	138
382	393
276	13
309	8
344	45
340	194
272	241
325	92
273	138
346	17
275	180
309	44
356	36
123	96
382	79
326	410
379	79
337	79
352	220
81	225
356	222
290	16
340	411
280	95
286	396
347	176
309	249
369	243
337	81
349	122
379	84
371	20
349	30
258	23
299	12
333	64
278	56
339	79
375	93
287	79
311	79
259	85
283	24
341	70
337	109
310	75
293	91
250	402
342	2
298	388
383	14
124	106
299	232
355	35
342	225
267	146
