422
371	91
310	22
381	79
324	80
271	49
378	35
337	131
309	25
341	80
372	145
266	23
382	93
341	79
310	192
298	79
374	11
383	245
355	116
338	110
310	7
262	23
338	93
352	36
346	136
125	106
278	151
375	8
336	8
314	32
293	79
336	16
305	93
323	96
305	11
341	52
291	83
298	229
260	80
266	10
334	180
380	390
337	171
304	106
320	181
341	56
278	190
305	64
276	385
323	79
298	23
349	41
379	106
343	79
314	407
300	111
374	56
296	2
300	23
378	144
338	9
347	95
339	248
351	140
355	123
273	27
348	8
348	239
359	391
267	15
295	53
274	187
311	29
335	178
305	56
316	170
377	14
293	105
299	388
325	42
267	212
335	7
81	60
285	19
299	385
333	9
347	106
310	37
356	45
287	79
381	220
271	79
356	57
273	79
279	15
325	111
123	242
336	7
356	120
333	122
305	11
348	106
348	234
298	11
347	230
340	221
301	203
288	52
355	106
344	150
354	99
337	228
377	41
382	122
377	137
373	80
384	106
342	11
352	131
355	15
269	147
255	25
356	8
298	157
305	75
274	33
279	127
270	219
375	80
356	29
278	79
352	7
329	222
349	80
287	122
356	50
375	16
289	229
276	19
285	7
358	6
271	14
306	400
361	418
342	100
377	219
310	96
289	84
275	99
272	93
376	385
300	65
274	393
256	184
344	83
338	13
280	79
347	94
383	162
377	22
347	222
313	179
349	26
310	206
275	196
295	57
330	173
297	227
279	167
261	81
341	128
286	110
280	93
340	7
282	15
345	15
274	27
335	8
342	113
305	72
347	19
379	146
264	128
324	204
328	417
314	93
288	79
256	14
355	165
351	104
377	31
300	238
277	118
293	52
335	57
381	19
279	15
270	141
276	123
264	80
294	99
338	79
281	99
337	104
309	58
340	172
352	127
309	142
309	183
374	7
383	14
309	4
309	160
378	195
335	84
260	11
335	52
297	149
290	394
346	7
380	117
327	219
327	7
280	102
275	79
305	79
290	86
332	70
336	25
289	27
255	385
321	120
350	79
290	119
342	140
314	214
318	403
300	40
260	388
346	136
21	20
314	393
378	219
284	25
304	85
123	106
371	389
270	93
345	191
290	20
315	136
326	121
341	42
356	249
380	115
379	18
255	57
264	138
326	99
260	239
352	79
348	16
298	20
266	79
255	210
299	420
323	415
378	7
384	395
335	36
366	79
378	107
351	7
284	79
349	387
335	143
272	2
312	403
345	155
271	6
319	29
296	7
260	220
290	176
349	405
272	81
280	232
349	12
375	81
384	189
322	101
347	93
264	34
346	5
300	16
272	43
383	117
301	199
299	62
315	83
365	184
378	62
308	102
267	136
298	79
250	242
377	8
301	8
285	241
272	223
295	104
325	166
313	7
350	30
279	403
319	96
346	215
304	7
342	421
308	398
305	389
298	38
334	419
355	79
125	121
347	228
310	411
347	19
300	25
293	408
256	243
340	7
382	183
311	8
309	385
284	231
79	110
305	197
342	56
275	81
342	79
346	16
260	51
338	226
342	220
299	84
318	1
258	8
347	219
313	236
266	20
294	79
347	10
345	85
339	4
384	11
302	29
341	47
281	225
304	7
378	79
304	106
346	7
293	119
264	386
346	399
363	402
379	6
256	41
306	29
265	15
305	191
256	22
81	194
376	237
355	237
305	7
325	3
255	153
287	131
346	81
327	26
278	7
308	111
335	98
347	415
310	93
283	162
306	14
382	8
343	76
309	12
347	195
300	7
298	116
296	59
375	108
260	413
289	8
341	19
371	14
393	16
347	51
370	31
124	25
308	241
379	18
342	14
298	211
290	185
342	7
345	2
308	51
336	68
351	7
298	15
268	396
285	235
276	8
299	166
341	7
377	79
337	30
378	411
380	385
286	7
346	191
272	409
281	8
278	10
376	161
305	207
378	202
267	158
276	106
275	120
270	93
252	23
274	411
337	202
300	79
288	422
337	179
266	45
352	81
276	229
336	224
266	111
292	79
301	32
356	216
251	102
344	385
342	46
376	67
288	114
382	107
258	120
347	93
314	110
280	40
345	53
267	156
324	92
337	26
305	225
348	5
272	7
290	53
377	79
275	393
347	2
347	79
304	219
300	74
264	44
298	35
296	64
258	123
345	16
253	123
305	209
123	99
348	17
313	82
349	131
347	217
300	7
324	143
347	7
355	100
333	24
369	225
346	136
315	227
301	7
287	134
351	79
340	5
382	163
274	186
81	79
320	418
356	106
278	206
356	406
264	137
124	138
337	175
273	188
39	15
335	51
270	85
286	56
279	7
329	174
258	11
260	148
265	45
314	26
21	227
324	177
355	54
315	99
81	22
334	130
337	397
347	154
292	26
264	27
377	15
321	222
327	7
374	103
315	393
347	169
266	48
286	196
301	222
340	80
302	391
310	13
309	59
384	194
336	66
275	84
313	96
294	131
342	85
374	401
384	111
384	16
272	79
358	37
334	19
256	79
339	219
288	100
300	16
279	11
347	51
310	2
338	28
362	122
329	230
355	51
294	227
356	222
337	161
290	126
288	40
382	193
379	80
344	247
310	7
262	137
347	213
273	7
344	408
254	146
356	392
382	110
310	34
326	229
270	79
334	28
309	393
294	407
368	73
283	159
352	122
305	79
310	391
341	139
336	89
346	10
250	135
383	27
360	8
309	12
357	220
379	106
334	225
278	225
294	8
356	7
307	412
337	10
307	55
357	405
289	17
378	114
334	2
297	394
309	81
374	194
382	7
358	25
294	227
352	53
355	5
258	22
338	127
377	31
383	7
355	240
381	223
288	132
315	391
313	85
314	17
294	7
266	134
299	93
300	122
355	221
344	129
326	127
255	23
269	391
287	51
290	34
297	18
345	168
271	17
258	80
318	137
304	95
346	131
81	78
347	10
305	193
321	136
293	8
380	7
297	237
339	21
273	226
289	51
309	101
356	25
286	420
278	414
356	138
259	182
314	225
322	109
277	201
279	99
290	393
335	99
332	219
256	229
317	79
311	90
278	21
336	79
314	404
257	58
301	246
304	223
293	22
300	123
380	71
356	398
344	111
330	223
326	391
305	216
289	124
353	45
347	7
347	221
260	19
323	7
355	218
272	36
305	105
285	95
286	8
382	99
378	203
277	97
298	81
307	40
314	18
276	136
355	6
124	45
278	106
293	222
303	152
289	179
333	63
255	6
322	79
313	79
341	51
286	69
81	110
275	79
337	229
321	113
303	106
234	395
266	198
336	133
277	183
270	14
364	79
352	27
379	11
349	24
296	8
273	10
342	77
349	183
124	79
371	180
315	7
358	157
81	80
298	215
333	84
356	27
275	29
331	233
355	155
379	79
300	7
274	5
355	164
335	87
256	112
270	19
305	200
250	7
337	41
298	163
351	7
299	402
336	32
319	79
277	79
307	48
336	101
375	405
383	7
293	34
298	32
381	84
290	6
293	410
275	34
276	53
379	5
324	24
367	208
331	122
345	409
310	143
305	221
334	6
309	7
81	44
332	244
314	231
318	57
341	25
318	223
266	24
383	8
352	39
123	61
290	123
291	32
279	9
320	56
335	88
383	80
347	114
290	219
379	80
335	10
263	222
377	391
311	57
384	20
340	205
288	81
375	106
384	127
338	79
287	404
342	416
353	204
384	57
332	421
338	22
250	5
384	18
