422
334	113
346	232
323	242
341	178
355	81
334	79
335	121
342	415
124	8
255	71
270	53
346	7
382	205
271	407
337	106
310	79
253	80
340	79
276	14
309	51
303	221
379	7
123	206
273	157
293	110
355	126
317	222
340	169
274	7
274	149
309	6
347	390
333	146
372	168
375	95
261	422
351	79
300	106
314	81
393	5
285	17
304	26
289	25
356	79
336	92
365	123
334	50
298	23
273	215
298	48
341	238
123	398
274	219
288	27
356	10
300	7
270	391
309	2
279	15
337	405
305	15
255	393
337	46
342	222
355	10
344	102
313	84
351	237
300	79
252	406
383	13
272	93
310	80
356	96
305	79
371	79
305	224
258	24
383	81
299	3
315	80
345	402
327	16
342	115
330	235
342	7
378	95
330	41
276	75
374	122
371	403
368	22
382	47
337	2
323	85
353	223
311	76
342	148
355	53
286	40
349	79
345	221
376	196
309	79
313	111
337	6
371	136
378	197
382	45
314	127
347	4
266	236
384	7
380	106
379	44
352	66
345	101
335	244
352	81
295	93
302	104
371	19
377	25
338	222
290	80
312	14
270	131
384	167
320	227
310	220
298	7
381	191
333	7
298	7
347	99
257	53
277	131
352	80
299	213
352	93
384	120
319	221
314	79
342	22
300	7
335	93
285	27
346	38
366	25
355	247
375	411
379	214
305	51
334	7
284	13
310	208
329	83
290	123
298	79
266	143
321	79
276	239
341	10
311	222
279	99
338	132
383	57
325	96
272	7
284	99
338	154
361	228
264	14
347	95
347	162
309	16
378	123
81	89
278	151
358	42
356	29
347	41
349	397
305	72
339	166
274	79
307	11
294	22
279	385
356	106
321	152
304	100
326	6
266	82
319	7
349	107
264	399
345	234
305	8
280	80
346	223
290	93
292	19
299	5
326	389
384	51
355	79
267	11
288	409
309	248
352	113
381	35
348	79
327	7
308	80
382	231
383	27
314	7
267	16
275	158
256	79
346	32
294	185
381	155
340	223
377	403
256	79
333	389
335	49
352	8
369	5
293	14
349	6
356	136
268	146
376	133
310	57
273	29
324	88
281	10
374	410
81	137
286	84
301	56
348	99
293	102
349	7
342	51
377	18
260	65
289	52
260	404
346	16
335	157
338	131
300	83
356	79
21	172
334	411
324	79
336	51
299	418
308	221
309	219
345	388
347	106
276	52
279	94
356	84
289	216
276	181
347	202
318	393
297	416
280	59
347	79
260	79
352	229
294	56
310	225
342	78
274	110
384	51
267	137
377	417
352	93
309	86
278	60
333	200
274	211
297	8
287	393
321	20
338	249
374	131
375	7
300	199
270	114
336	385
344	161
308	10
347	391
258	196
336	7
347	79
345	403
251	85
356	19
338	27
332	405
349	231
356	7
298	7
375	391
383	7
255	177
260	9
271	220
341	123
377	237
287	79
306	22
335	225
305	79
347	44
281	12
262	7
272	99
315	111
325	180
270	6
357	176
367	11
326	117
275	81
259	34
356	16
277	5
300	80
310	421
258	84
272	136
81	84
288	242
272	122
298	201
382	179
379	103
293	227
295	106
290	162
355	385
335	7
322	222
298	7
323	93
349	36
338	11
286	4
282	51
358	107
260	8
379	147
260	396
305	408
378	45
346	15
336	412
289	117
379	51
277	15
265	11
332	164
315	79
380	388
383	7
304	23
346	179
334	85
272	210
290	183
301	109
304	136
271	79
347	28
307	7
347	32
279	420
379	106
346	20
346	2
382	37
305	26
314	51
383	206
270	31
294	106
331	25
39	79
299	16
379	56
318	225
314	122
370	7
341	407
313	191
336	135
293	119
373	8
305	398
296	34
275	7
329	69
326	23
305	79
287	23
341	138
306	27
293	110
356	97
325	81
272	16
304	67
291	45
341	131
380	19
360	19
377	7
378	241
250	18
311	128
315	106
298	112
280	79
319	8
280	194
324	394
378	228
384	80
301	223
322	7
305	223
328	62
266	391
305	136
334	106
341	102
374	8
327	29
364	19
288	229
344	36
338	393
347	122
269	22
284	14
380	118
344	90
285	385
347	229
339	394
346	161
307	189
340	81
351	11
309	400
309	25
347	142
347	419
347	25
384	43
256	85
285	7
297	58
341	5
356	219
374	30
278	219
293	227
273	104
278	29
315	81
355	79
310	138
297	15
275	120
304	36
348	16
378	15
250	209
324	240
346	26
125	163
285	405
264	26
384	156
309	31
270	155
382	7
356	23
337	391
300	402
264	40
304	12
324	19
384	415
301	11
275	61
349	8
337	28
264	10
347	182
272	387
323	79
375	145
335	25
254	106
256	79
320	187
339	30
344	114
348	57
355	7
347	18
294	55
276	32
336	116
256	22
279	93
337	108
350	123
264	184
352	230
266	7
279	20
342	56
298	84
255	393
332	7
290	411
305	207
260	64
340	15
356	150
326	194
336	230
255	79
125	96
355	24
302	87
349	2
318	59
295	25
384	219
275	175
286	41
320	96
338	68
304	127
289	128
290	79
355	121
79	34
358	195
305	413
310	143
313	5
313	179
382	119
290	409
299	22
299	8
310	219
377	37
322	41
256	7
382	395
352	54
337	20
81	219
300	114
347	246
263	100
283	212
378	32
347	129
374	122
355	79
81	222
278	7
336	100
340	134
269	8
355	18
325	216
297	420
314	80
300	171
283	106
258	8
301	19
314	222
279	7
289	190
286	57
255	106
356	143
355	194
313	8
310	225
276	8
342	203
270	111
260	418
288	219
260	56
300	122
271	193
335	21
355	99
342	184
375	220
290	101
335	136
288	48
318	106
81	101
347	111
300	120
345	124
342	192
266	239
256	198
278	385
337	8
276	7
278	105
305	217
286	93
342	27
124	180
300	183
377	31
380	195
375	10
298	15
299	243
311	8
381	241
287	34
353	24
287	127
316	17
377	53
379	14
294	40
274	408
314	85
335	120
348	130
379	58
124	11
378	14
314	25
336	16
305	64
308	173
337	140
343	188
335	170
234	203
250	193
301	45
359	215
345	79
338	99
292	111
288	401
266	226
347	79
266	6
296	219
377	81
286	5
337	163
344	79
351	140
347	91
344	14
255	42
343	141
324	32
290	421
264	127
354	220
306	122
362	144
290	204
345	404
296	8
298	111
327	1
298	17
335	24
258	18
303	7
358	186
293	98
379	9
275	183
272	45
332	27
81	79
264	104
310	174
294	385
298	79
300	8
258	7
382	17
291	227
309	29
376	7
298	80
355	10
351	52
314	56
275	226
310	9
337	159
384	57
266	12
378	233
21	99
273	229
321	99
279	137
296	39
300	2
288	79
347	40
293	392
357	93
377	93
383	63
81	53
298	393
363	386
313	15
341	165
267	153
301	57
351	229
318	79
310	106
278	131
266	93
355	136
289	52
348	138
341	8
271	110
307	227
294	26
296	7
337	225
273	160
308	414
277	7
315	20
341	139
340	15
309	183
329	57
380	79
305	6
336	395
278	70
305	225
275	237
123	245
376	11
278	127
281	137
262	2
339	80
124	110
333	123
346	385
123	11
331	74
305	218
290	19
265	110
309	33
378	62
256	191
350	83
287	202
356	99
280	79
305	21
267	23
289	73
335	391
342	134
314	229
290	105
378	79
293	204
250	34
377	77
315	79
381	7
277	35
383	166
334	116
336	80
275	391
348	29
