422
298	197
293	79
352	8
337	7
293	26
325	220
269	58
286	139
276	17
325	84
345	8
254	114
309	110
383	408
309	13
260	413
356	106
288	48
290	27
337	14
379	183
255	396
326	7
279	193
355	100
380	13
377	96
304	138
252	84
379	97
289	15
333	191
267	402
309	193
373	117
327	19
340	99
277	7
288	113
266	404
301	40
349	93
377	7
356	6
324	391
308	7
305	79
347	65
279	81
266	110
334	395
258	35
272	216
124	16
349	22
341	131
314	80
273	4
266	7
320	215
340	119
384	79
383	100
379	79
356	7
298	80
272	79
375	231
371	93
374	141
289	403
356	25
272	27
352	405
355	219
124	2
323	25
315	106
355	116
377	19
304	119
333	124
350	123
346	81
310	103
356	393
337	57
318	32
279	8
347	123
264	8
362	225
300	10
296	83
347	389
378	25
352	27
332	42
326	183
264	71
300	93
307	7
310	409
351	191
266	15
275	81
234	16
336	80
321	9
273	80
290	388
364	188
301	221
304	99
287	95
382	114
349	14
321	163
314	245
255	79
334	79
340	162
301	79
355	143
356	111
376	25
332	69
357	123
278	79
272	236
315	104
365	29
274	227
347	48
378	404
345	99
337	99
319	200
285	25
260	93
290	219
356	79
356	7
383	160
326	32
309	246
342	7
305	45
384	233
297	59
330	2
305	181
346	172
348	8
305	79
348	418
345	19
354	242
352	58
308	85
381	110
384	221
294	131
379	56
285	385
301	122
299	407
342	161
279	196
317	393
308	15
343	7
277	106
379	145
288	79
314	128
382	30
299	411
294	79
286	225
278	26
309	52
303	16
298	180
338	129
263	409
289	9
315	32
335	227
335	415
344	219
279	155
375	150
375	85
356	43
275	419
347	5
345	11
335	208
125	100
286	22
375	99
300	220
290	4
379	8
335	11
275	20
336	420
339	21
259	385
334	224
370	80
274	229
267	19
352	28
340	400
267	105
341	87
307	7
309	225
296	398
340	51
314	26
336	122
313	52
39	7
342	79
293	216
345	11
345	219
384	6
309	79
355	7
319	12
276	93
294	218
335	102
255	41
264	79
309	170
280	85
305	146
337	111
298	422
310	155
273	12
313	398
378	219
81	385
384	229
335	8
275	220
277	385
352	51
380	117
291	8
305	53
304	147
355	222
305	391
255	80
344	222
293	93
258	184
281	399
335	79
371	140
271	132
335	55
377	79
347	79
264	10
313	134
79	79
356	221
81	5
280	207
330	15
311	416
334	11
250	104
355	10
346	16
383	74
276	222
356	106
296	5
288	83
383	70
262	393
347	42
377	228
281	11
340	88
290	6
347	106
255	31
298	120
378	389
377	219
316	229
375	106
264	24
351	219
347	14
393	8
305	7
260	14
291	206
289	411
310	187
295	414
375	7
260	106
255	223
300	8
333	79
270	79
346	99
260	6
353	229
295	22
340	248
337	209
271	123
342	229
322	21
304	114
378	79
337	415
290	93
298	8
305	41
81	386
288	180
302	417
301	85
324	239
258	20
309	23
283	79
324	19
338	385
359	81
298	7
275	222
300	394
324	67
298	217
275	219
332	79
345	137
347	85
315	8
299	81
305	232
305	138
300	186
355	421
253	5
341	395
342	32
337	403
372	127
289	122
375	111
341	179
347	7
256	154
294	385
315	73
334	412
258	93
262	18
266	76
355	99
344	20
298	81
355	243
266	86
382	12
346	10
378	202
369	23
342	10
348	227
337	220
309	131
273	393
314	242
293	7
347	25
383	179
305	79
382	10
342	7
307	1
304	36
331	391
348	57
356	121
351	5
337	99
346	394
314	7
287	237
290	80
267	226
320	34
360	101
339	121
292	39
315	230
337	166
379	161
358	182
300	7
361	140
344	56
341	112
356	5
341	79
319	93
298	106
287	80
264	9
333	36
374	34
355	60
342	28
300	249
341	79
305	11
352	91
342	81
339	68
124	6
310	99
251	156
347	223
367	53
347	57
258	29
310	198
318	104
261	25
356	113
282	136
384	22
294	227
123	3
278	7
288	203
324	31
266	393
323	131
337	78
379	7
293	405
274	7
258	241
318	84
349	81
341	174
298	106
299	27
377	136
305	16
347	25
264	54
335	56
323	120
341	165
347	37
276	14
278	133
305	79
342	53
290	221
338	111
338	40
289	191
310	131
380	99
290	223
336	16
334	238
279	51
293	6
384	7
290	107
276	44
347	20
358	7
358	2
275	11
331	7
346	23
381	109
338	244
274	120
289	194
327	391
273	122
294	219
277	16
348	131
268	92
265	123
299	26
337	195
334	51
306	2
307	41
260	405
326	79
309	84
355	401
299	222
270	8
314	7
279	390
266	137
346	44
313	223
297	27
312	199
321	93
347	102
255	411
305	7
336	22
305	18
81	116
283	142
384	93
305	62
346	136
382	79
256	51
328	177
383	135
125	106
298	23
284	239
351	64
351	391
347	93
279	32
311	37
383	137
266	23
374	105
380	164
296	110
272	79
272	106
342	225
272	24
344	79
260	56
314	8
285	82
377	6
381	89
384	7
376	7
124	81
378	79
301	149
297	120
347	128
313	63
336	136
345	64
379	36
374	10
377	79
275	122
371	79
318	41
381	79
314	136
250	27
349	50
286	184
336	24
250	75
274	173
81	79
383	222
346	185
256	136
310	122
311	111
379	23
326	213
324	106
363	410
334	40
297	226
352	101
346	241
347	204
270	35
345	20
280	10
293	17
329	18
300	176
347	106
335	79
322	56
272	51
313	45
278	212
274	15
311	7
276	163
290	137
338	27
348	138
338	29
336	18
336	388
338	110
123	11
272	57
347	126
377	162
280	8
338	408
286	84
357	53
314	169
358	406
352	96
341	29
380	61
81	62
295	123
300	57
376	203
302	33
271	17
305	397
355	420
374	214
382	159
337	79
342	80
266	84
290	179
256	46
299	130
270	206
292	15
346	391
349	153
355	45
318	183
377	230
336	127
347	210
347	57
347	79
376	240
278	80
288	222
256	211
287	127
348	205
327	175
274	15
333	192
384	94
300	237
256	96
378	31
284	15
314	407
297	225
286	80
280	19
287	118
303	25
347	111
289	385
355	51
355	30
344	16
278	194
276	157
294	178
380	79
273	8
298	108
368	204
305	234
356	45
377	59
349	102
260	143
341	110
305	190
306	127
298	134
271	158
265	7
349	52
298	148
267	152
320	79
293	421
257	2
314	72
300	402
298	143
325	8
382	189
325	79
277	7
278	229
278	5
352	7
269	14
275	146
308	201
329	56
382	80
378	393
309	122
341	79
309	7
382	223
285	8
322	79
306	2
284	51
315	11
293	34
270	38
342	19
81	18
336	167
378	196
310	90
279	418
379	202
338	80
294	51
356	247
256	7
270	7
366	151
336	7
310	34
343	40
310	15
270	83
374	47
250	16
378	7
287	57
313	235
355	77
21	66
339	22
281	14
123	17
327	29
290	237
296	95
299	45
350	96
301	392
260	231
371	52
276	107
300	7
346	8
271	144
378	98
332	194
349	136
304	195
342	19
323	11
308	22
335	106
304	127
256	26
300	166
384	7
300	391
270	14
81	387
123	49
344	24
335	7
310	106
351	215
381	168
329	15
310	115
21	228
353	79
285	53
310	29
309	171
278	19
335	183
286	101
382	34
356	403
264	7
335	95
321	227
288	157
275	225
