422
356	101
341	105
384	5
356	32
335	14
323	385
324	196
299	388
358	19
275	158
366	164
270	6
270	136
269	62
273	106
305	12
290	219
336	93
294	2
341	147
382	57
352	414
275	66
286	27
333	395
380	134
258	110
338	84
303	196
270	127
381	79
292	84
275	81
384	109
379	7
305	50
314	79
289	63
380	215
305	420
369	387
290	5
377	13
349	8
349	98
280	84
380	151
347	113
287	87
299	34
302	79
255	3
346	79
81	100
309	135
334	183
329	407
276	137
378	400
359	10
336	19
255	237
347	106
349	25
272	79
337	161
302	99
315	79
355	120
383	214
293	7
347	122
324	44
335	22
379	231
273	56
254	93
349	79
365	391
325	100
346	18
279	397
21	134
331	136
280	7
279	157
298	79
320	14
267	227
378	10
376	56
338	22
376	225
279	106
356	99
296	16
300	7
279	79
290	149
374	153
311	27
342	99
234	131
304	51
305	56
289	93
382	80
255	106
304	79
39	123
307	79
278	7
327	14
286	226
300	7
300	390
250	418
355	56
335	35
341	29
355	227
267	136
378	163
342	21
377	29
281	81
313	84
346	145
290	401
337	103
305	242
296	139
305	121
272	85
319	393
260	2
286	110
380	11
342	402
274	40
305	74
309	235
347	233
272	106
279	26
308	36
314	198
347	7
346	202
298	59
297	415
374	81
342	10
334	169
379	7
318	393
274	80
332	81
270	79
344	172
294	114
378	83
290	207
274	229
347	80
250	399
310	161
355	39
305	110
337	111
350	7
322	398
313	137
293	223
379	123
321	108
355	385
349	420
333	225
318	165
275	38
308	6
309	73
299	7
347	79
273	187
356	28
310	79
271	142
340	130
280	8
335	133
342	225
287	85
335	79
334	95
356	123
375	25
335	29
256	126
338	81
275	7
342	229
345	111
342	27
21	79
348	99
310	220
337	409
315	81
286	203
347	80
349	79
357	16
382	27
293	7
316	15
341	54
332	102
352	107
81	8
338	26
256	79
344	23
341	14
377	80
125	227
333	23
327	5
305	44
305	15
374	111
275	88
337	127
371	24
347	23
267	246
362	40
266	110
312	195
355	80
281	211
292	7
298	122
381	45
298	143
335	79
356	8
377	30
305	11
274	7
277	238
380	93
357	29
338	225
338	239
335	23
306	16
295	202
314	219
348	173
252	156
352	116
272	8
300	85
340	194
352	155
342	192
124	96
337	5
287	386
332	18
295	7
313	99
346	223
305	79
334	206
300	7
278	2
356	31
314	34
320	10
337	8
336	34
277	64
356	105
297	411
378	106
323	244
278	14
328	99
266	404
356	67
335	70
331	106
311	51
304	7
290	104
262	184
379	26
345	11
345	162
355	8
271	8
379	6
384	80
378	132
79	22
294	191
318	409
123	8
290	219
272	113
290	385
284	25
309	106
349	79
375	398
250	205
378	129
278	96
347	106
336	85
347	209
347	94
335	7
304	93
309	106
279	240
346	190
309	40
277	7
314	79
347	79
293	177
309	14
360	40
348	20
296	121
278	11
346	1
356	32
276	13
341	194
383	24
256	85
124	96
266	53
305	405
342	117
351	11
268	193
382	186
81	170
272	81
346	79
378	79
260	180
294	17
373	111
372	79
293	221
352	15
333	119
379	249
326	218
305	178
347	22
307	80
310	179
265	407
339	93
329	385
296	9
374	25
274	56
348	7
340	143
339	230
342	96
381	64
352	131
341	97
309	59
290	17
382	118
346	7
285	19
347	229
335	213
325	15
342	110
300	7
347	389
377	394
330	81
124	17
384	47
368	32
377	32
285	22
355	24
344	415
288	395
384	7
384	79
255	148
325	45
356	79
278	21
382	19
294	7
256	15
383	11
262	114
345	79
356	7
349	122
300	79
384	18
318	131
269	57
337	25
298	183
258	7
307	212
351	57
356	90
285	391
291	10
305	9
327	79
255	57
280	41
264	11
340	55
266	79
334	89
381	99
356	5
300	219
81	243
355	416
297	122
310	2
344	15
301	95
338	421
297	215
335	107
289	413
299	194
314	150
293	80
344	99
381	8
371	57
278	99
288	222
379	160
271	31
350	42
276	112
384	385
347	86
288	16
81	5
311	72
260	127
340	53
294	51
363	27
351	221
334	124
345	7
260	219
81	36
341	408
337	80
288	37
383	8
346	222
375	22
315	7
300	393
264	223
355	10
301	60
340	61
313	123
352	11
309	106
279	15
323	53
264	80
382	83
383	127
289	79
379	115
288	122
266	179
310	32
313	25
298	229
341	65
347	393
300	219
384	217
383	19
289	167
309	391
289	199
123	77
375	51
375	403
278	11
273	223
267	120
304	181
290	7
286	406
282	234
285	208
325	93
275	51
355	120
378	102
315	7
342	7
345	231
341	219
347	116
337	7
353	417
266	388
347	174
375	7
378	403
358	29
377	79
300	203
335	140
266	385
264	18
326	216
377	179
383	34
326	236
326	52
267	136
310	131
314	123
286	176
124	29
264	216
299	391
377	93
308	79
301	8
377	221
364	228
298	69
382	411
279	219
271	7
383	163
309	6
258	201
342	419
251	138
347	93
334	146
347	2
321	191
266	7
324	79
309	106
347	242
123	36
393	41
314	48
379	396
288	53
345	37
317	10
253	111
271	122
347	7
288	27
305	166
305	402
308	119
336	123
306	91
320	7
339	128
284	228
384	141
293	53
272	168
322	62
310	128
376	79
310	80
291	220
287	110
260	159
323	8
256	7
293	422
283	197
311	79
294	20
276	84
301	4
348	16
276	8
284	23
260	24
336	221
293	45
314	391
332	106
301	19
264	8
349	223
361	51
314	56
274	137
299	137
266	171
290	9
355	15
310	57
298	79
313	79
314	83
278	51
287	152
352	12
285	220
342	35
348	2
261	104
286	241
353	175
299	180
250	114
319	183
319	101
346	22
300	222
309	16
300	237
290	17
298	51
310	195
324	143
378	95
338	403
258	222
356	120
298	11
338	227
279	7
81	25
382	136
303	71
324	10
336	57
305	117
310	239
266	226
275	34
377	75
345	81
371	19
294	106
260	101
344	7
299	144
275	393
378	162
81	229
265	27
343	26
277	222
125	41
297	8
272	8
333	93
258	8
305	391
296	20
309	26
295	92
351	411
355	200
307	25
315	102
358	12
330	166
339	8
346	104
358	183
308	206
336	247
326	7
263	189
336	225
273	184
337	188
123	138
283	82
315	220
371	6
276	193
344	23
376	191
337	182
255	210
338	52
375	394
276	14
379	405
306	222
257	229
298	232
305	227
290	222
355	25
280	79
324	45
315	79
329	219
300	79
276	7
310	16
310	138
343	245
264	15
356	204
380	389
355	6
258	93
341	41
337	79
301	19
348	43
277	49
314	131
337	410
377	185
322	45
264	28
272	79
347	136
270	106
340	33
345	4
356	58
275	385
341	157
367	16
255	154
334	79
374	418
355	237
352	15
383	93
260	131
298	248
384	7
351	404
259	79
335	421
351	42
270	136
298	20
321	393
382	48
298	52
304	405
293	111
346	30
336	6
273	230
288	392
370	31
270	84
347	51
374	140
301	146
298	408
287	18
298	241
304	58
260	224
256	76
336	122
352	99
304	204
281	46
336	225
289	412
347	391
289	7
256	68
321	16
274	7
355	80
318	20
270	100
305	52
256	78
300	127
327	155
278	19
313	14
354	5
