422
367	111
276	220
341	170
382	15
310	110
314	7
356	11
125	228
265	30
327	196
275	48
294	106
293	404
286	9
271	66
306	166
299	134
310	211
355	6
381	241
347	129
337	35
336	56
260	229
308	166
300	29
283	2
348	7
303	227
272	8
379	412
335	25
336	113
384	127
336	7
278	19
309	415
315	27
382	93
376	149
289	105
347	45
347	143
347	84
266	7
340	229
320	79
335	171
264	31
294	388
377	122
334	405
327	222
346	208
279	421
336	96
298	29
347	117
347	79
356	123
286	385
279	416
268	26
333	194
382	54
298	80
123	202
338	404
335	107
278	19
256	121
305	53
269	10
351	1
266	219
335	84
256	14
287	7
342	135
279	79
273	165
250	37
306	67
284	103
298	63
340	6
355	225
314	389
323	402
347	20
285	80
374	25
284	200
314	5
337	206
336	79
297	185
277	13
365	107
300	104
347	11
300	7
273	123
291	81
347	59
305	16
255	100
300	79
379	21
340	51
377	415
369	392
295	4
348	93
267	6
345	26
289	10
340	99
341	411
356	79
301	184
313	25
308	25
351	417
278	99
383	119
346	79
347	222
299	27
314	216
297	191
254	17
272	115
299	14
338	104
301	48
323	406
275	390
300	16
288	191
343	53
81	8
355	14
304	7
342	220
258	110
345	77
298	223
260	219
266	11
276	57
276	7
313	22
292	227
294	88
294	155
271	409
298	229
346	14
314	40
366	228
356	193
379	137
325	226
342	7
338	12
304	120
273	8
288	21
324	29
347	419
322	106
383	232
331	8
344	47
256	106
338	229
280	418
347	420
337	7
81	148
347	112
328	32
296	26
375	134
371	93
266	8
376	79
318	391
315	207
334	199
347	136
338	136
334	110
384	26
384	20
318	79
371	56
314	106
326	194
272	110
335	44
347	136
290	17
378	187
347	79
290	15
380	22
281	159
264	11
345	106
258	182
352	57
285	398
298	215
346	79
336	79
317	222
393	85
379	79
260	222
286	79
356	5
123	27
301	19
277	80
347	5
287	33
335	385
310	19
296	34
285	218
280	7
318	142
357	102
294	25
81	11
325	13
356	98
306	79
349	114
342	2
335	15
384	411
334	73
250	7
337	55
310	51
270	27
345	408
276	144
280	220
352	120
315	136
341	111
384	58
357	80
333	10
355	146
307	394
384	195
356	57
313	405
279	26
345	15
266	177
289	79
361	85
309	25
352	237
344	233
296	105
376	195
301	11
277	16
302	8
309	99
341	234
294	28
307	93
287	41
384	99
308	6
295	8
345	122
288	222
283	93
290	57
311	80
333	80
297	111
123	111
374	8
264	227
355	79
337	19
348	72
310	408
309	131
267	56
355	230
344	162
351	143
318	391
356	198
351	96
378	181
323	420
255	79
315	18
279	23
383	7
342	106
291	395
350	36
311	244
310	9
257	175
264	188
21	34
276	79
383	163
313	99
276	7
335	219
279	127
301	38
332	227
123	93
384	240
300	7
305	116
358	79
21	12
273	51
305	32
353	183
286	10
286	85
344	79
338	18
339	127
308	138
335	387
346	84
263	57
372	131
378	7
382	20
272	106
270	83
314	124
342	35
355	180
344	164
271	15
272	15
310	223
347	79
352	18
299	122
300	31
81	403
345	139
296	78
270	79
342	219
305	40
347	12
364	7
277	8
309	11
378	117
259	5
375	101
383	186
383	30
325	153
375	189
347	22
319	29
338	219
265	8
380	224
288	9
309	157
298	145
346	29
346	81
322	16
278	81
270	402
349	23
324	79
355	161
255	197
289	184
305	80
377	7
349	119
355	106
275	95
297	245
379	79
278	41
321	51
300	106
305	7
352	393
260	7
302	155
298	10
305	79
274	62
296	8
314	27
258	71
260	81
308	40
347	7
124	239
272	226
384	79
305	80
336	99
260	56
373	209
339	29
346	116
320	8
280	151
293	179
290	23
336	109
323	5
294	193
274	96
301	123
279	8
346	239
334	385
234	393
278	16
334	158
356	219
382	388
348	56
314	79
288	137
377	79
255	52
307	91
339	92
332	20
352	391
305	393
327	386
355	7
370	57
335	14
255	80
125	45
293	418
258	7
340	5
383	23
356	205
261	83
378	227
342	62
294	57
378	49
338	22
347	8
383	70
293	79
300	403
363	18
356	133
304	16
379	53
375	81
330	28
374	398
290	126
279	192
298	106
339	162
337	7
354	161
293	422
347	22
377	7
342	131
305	60
377	22
267	172
81	56
252	22
352	6
356	7
304	99
290	51
349	36
305	85
309	411
334	79
355	34
309	8
288	212
314	96
349	2
348	394
290	399
275	242
289	147
356	219
270	122
337	41
270	7
258	106
344	16
299	221
290	7
379	32
374	84
378	214
340	52
270	401
270	223
312	391
337	206
377	79
292	122
314	235
315	79
253	106
300	106
378	27
338	7
346	128
377	11
341	225
352	100
337	51
293	44
251	413
355	204
336	146
81	80
327	8
255	201
250	15
284	191
277	94
275	37
374	122
341	405
310	403
371	169
293	93
375	178
266	100
348	391
358	79
336	93
380	51
311	409
298	14
335	7
335	220
275	7
341	204
377	99
378	79
380	53
262	230
342	15
305	7
266	10
275	246
300	138
266	7
266	19
124	221
310	136
382	95
278	93
341	79
301	64
362	203
290	24
298	16
349	84
282	7
279	2
81	237
342	64
378	95
256	42
374	68
298	79
352	76
324	114
313	138
345	93
324	81
315	180
309	173
347	154
124	102
304	15
300	101
272	243
380	3
305	222
380	241
356	223
286	36
310	231
326	61
274	221
330	121
264	249
299	141
346	8
258	31
360	11
332	24
379	131
314	8
278	238
310	400
321	167
267	225
355	7
267	128
320	86
378	25
379	79
310	196
264	79
346	19
335	93
304	99
352	183
290	42
266	25
336	102
348	194
313	51
381	7
260	414
351	123
275	81
309	396
353	216
310	222
276	84
274	152
382	79
288	6
260	79
347	190
256	41
278	7
299	7
337	393
272	16
356	10
341	23
298	32
300	229
271	79
383	120
274	14
379	385
337	110
384	7
124	123
342	168
347	106
272	32
286	40
281	11
335	79
343	410
324	176
355	8
285	391
79	385
309	174
289	97
293	53
376	7
324	65
379	111
274	160
273	90
321	7
359	25
303	69
325	17
375	15
351	19
341	127
315	229
371	45
305	34
256	225
264	74
287	52
305	79
255	4
310	79
331	231
280	18
358	140
300	247
326	34
318	163
355	136
305	82
271	104
381	202
250	24
289	123
377	156
305	110
346	131
305	106
295	27
382	248
298	393
274	45
356	219
382	39
300	131
349	113
322	122
384	6
273	140
304	79
329	395
344	132
377	393
275	81
311	242
285	80
338	79
332	219
355	210
299	24
304	20
342	397
305	183
262	179
341	157
287	179
337	89
347	7
81	83
289	93
337	7
278	223
336	7
337	237
288	7
275	150
334	81
260	203
297	58
307	217
355	136
298	221
290	10
329	236
358	101
305	75
281	14
350	421
319	59
356	215
382	118
276	108
256	46
309	143
341	385
290	137
293	389
349	50
326	45
298	43
290	5
309	19
378	23
349	127
309	407
333	111
264	385
313	120
287	183
377	407
333	2
293	130
342	225
340	391
269	225
319	213
329	51
345	85
368	80
375	17
256	137
321	114
326	99
316	2
381	80
39	87
381	52
