422
345	8
123	210
298	15
287	76
315	7
313	20
356	127
265	27
360	394
326	135
124	222
314	74
382	411
337	11
310	2
352	43
346	84
279	93
308	179
278	27
347	163
256	96
336	195
309	14
337	58
344	193
379	100
346	24
344	418
81	81
279	148
289	99
345	203
278	11
284	131
275	197
342	229
319	391
280	23
340	10
296	57
310	385
330	51
336	26
347	31
298	93
314	212
352	6
348	52
375	8
338	106
264	41
358	79
288	17
347	101
379	7
81	62
275	200
305	421
378	64
378	164
278	25
289	194
124	91
255	155
356	131
260	134
320	7
335	90
321	92
255	167
300	18
324	222
382	122
272	5
291	64
342	66
332	184
262	100
367	16
347	52
342	134
266	8
314	227
81	208
377	79
357	75
258	405
278	45
314	20
321	28
338	16
356	228
270	101
300	84
336	219
260	19
302	53
350	40
300	110
274	99
341	79
271	142
382	99
272	7
260	157
336	45
341	5
272	225
322	209
286	9
333	138
290	98
295	104
267	18
297	44
287	36
303	11
295	8
332	120
270	166
279	19
379	394
338	99
123	79
327	190
288	155
337	25
275	132
345	239
256	228
348	126
346	80
342	80
355	79
290	85
279	22
260	8
323	26
284	39
270	127
379	77
256	14
270	7
287	93
347	136
300	8
340	27
352	136
372	6
315	403
324	14
284	17
374	93
352	170
293	7
278	244
268	79
305	145
313	81
304	93
379	81
313	79
382	14
275	106
340	16
336	420
272	25
264	411
259	72
305	405
269	56
336	185
347	120
355	16
124	22
301	80
345	3
296	219
309	6
305	122
320	21
341	15
293	120
349	88
309	160
273	2
356	104
289	156
286	114
335	57
377	136
309	233
309	136
298	63
328	60
383	7
260	166
351	225
336	29
285	51
310	22
343	16
348	19
315	45
291	103
272	70
329	25
300	79
355	106
318	99
305	242
304	93
318	79
356	219
298	401
313	93
338	201
347	144
340	7
305	153
379	147
378	110
337	398
347	40
356	137
335	248
379	7
81	96
266	221
354	183
336	6
294	84
124	131
374	26
355	149
274	79
307	7
314	99
301	19
293	225
21	246
351	7
319	79
300	183
234	219
377	116
348	421
339	38
363	196
377	230
375	410
280	52
274	32
347	13
326	113
335	79
310	219
265	203
375	181
273	397
333	7
285	27
315	121
308	417
352	79
277	53
297	95
334	387
298	137
288	220
331	8
348	398
380	81
276	80
266	89
314	226
275	20
305	31
341	176
290	204
307	7
258	79
294	138
384	179
384	21
338	204
351	7
381	223
307	393
313	131
275	2
342	79
342	225
342	101
356	34
286	37
381	385
384	7
374	122
345	6
378	231
300	20
340	143
355	105
383	102
342	198
338	79
375	15
255	392
382	249
274	7
347	205
356	67
81	105
273	23
275	137
332	161
289	108
335	118
355	221
349	68
324	79
276	385
300	139
341	222
338	15
254	207
309	385
21	56
383	85
319	157
381	415
378	46
283	7
262	140
125	52
375	173
309	57
255	227
334	106
290	192
379	24
289	116
267	123
326	22
316	15
305	146
300	17
271	111
276	33
338	36
381	123
299	61
260	80
342	7
306	393
342	37
347	6
287	124
276	31
300	106
315	51
384	93
305	226
81	242
334	79
348	79
266	86
285	184
322	30
355	106
278	79
305	51
311	393
321	81
277	11
345	106
366	395
352	240
384	34
335	80
292	25
355	79
302	404
271	80
280	4
256	11
310	7
278	15
294	8
293	122
334	51
359	10
283	106
383	13
304	231
318	140
337	58
371	7
382	223
356	99
351	34
315	8
250	79
337	128
344	84
309	79
292	227
346	40
375	416
337	7
306	56
295	48
313	79
314	16
298	18
346	10
340	34
325	245
288	97
298	111
355	49
305	80
314	23
347	127
81	168
346	79
299	218
281	79
305	35
272	71
333	32
355	2
298	81
340	7
383	10
264	7
355	206
305	50
355	17
270	7
272	404
358	232
255	230
337	1
281	15
301	7
381	79
315	180
123	7
298	385
371	206
309	110
355	14
297	123
335	2
379	385
310	400
376	12
368	51
344	8
355	389
382	59
260	26
349	22
323	79
290	107
286	42
301	73
347	102
264	391
335	83
305	48
300	9
318	412
287	79
333	81
335	2
377	221
301	11
361	11
294	216
301	36
267	110
356	178
290	25
337	8
293	119
347	26
306	414
327	8
370	19
342	29
347	62
374	123
296	9
341	10
329	223
274	215
305	128
279	79
314	25
275	419
371	34
288	107
345	7
286	51
349	79
273	111
289	420
264	159
298	8
264	219
274	172
380	79
272	385
305	213
256	243
277	227
266	7
293	407
318	177
253	111
347	15
338	95
313	25
304	127
347	183
276	106
356	27
353	79
299	80
279	8
321	141
299	162
337	8
342	150
305	122
341	10
258	14
304	389
278	57
355	131
311	174
256	403
347	106
264	53
309	104
358	403
334	247
296	10
383	78
347	27
333	18
335	227
345	175
341	81
352	8
304	19
314	123
352	217
257	390
309	14
282	41
347	81
324	223
383	402
347	8
376	51
286	85
271	238
380	415
290	32
335	23
277	7
336	183
255	409
293	122
279	96
273	5
325	80
327	222
377	19
270	87
267	180
343	214
356	99
371	7
250	225
342	152
364	388
356	19
346	7
285	42
383	422
298	405
288	12
349	158
384	99
300	59
335	79
380	93
305	154
311	418
382	57
269	69
377	111
276	408
330	32
39	6
304	16
276	5
335	15
310	393
349	79
382	84
279	193
365	229
317	79
336	110
293	239
380	29
297	391
310	411
347	130
297	30
266	161
273	7
310	79
288	19
346	393
298	236
309	234
296	7
327	115
335	99
285	220
290	229
261	80
323	223
325	222
294	391
250	165
299	7
349	7
339	406
255	96
351	41
264	22
334	215
347	95
123	54
299	196
311	7
299	114
325	221
294	127
278	396
298	24
337	202
356	395
334	29
298	93
270	79
326	171
357	8
258	219
307	151
369	23
384	110
374	15
252	56
347	222
310	79
378	131
349	117
383	79
329	100
258	40
356	56
290	143
305	79
279	237
346	235
290	194
378	45
314	399
266	84
378	106
310	106
345	169
272	93
250	143
308	79
256	179
377	65
353	386
266	202
260	44
290	241
278	220
341	182
377	113
356	216
304	191
344	83
351	5
376	79
301	129
289	53
341	119
337	136
374	23
393	7
346	136
344	211
281	163
298	29
355	109
310	220
349	8
379	5
275	407
362	12
324	79
378	7
267	57
346	191
308	229
382	55
290	53
286	237
293	195
81	102
378	162
355	391
322	219
336	409
339	11
373	229
378	222
299	137
293	122
332	93
300	187
294	22
260	47
338	138
384	45
320	408
342	24
378	10
346	117
347	413
331	83
309	29
266	199
290	79
352	7
251	27
326	7
314	35
334	28
375	5
384	82
288	79
310	80
341	16
305	194
303	229
323	25
324	391
336	391
377	393
341	7
312	237
308	32
300	402
280	186
377	120
358	241
289	41
287	16
348	4
274	7
350	57
256	51
337	11
277	121
271	188
266	114
294	388
344	112
263	80
380	123
79	225
377	85
280	7
376	133
339	106
352	146
258	20
298	11
384	136
346	18
347	191
300	85
275	56
347	7
276	224
356	79
310	189
379	106
384	106
125	94
305	7
309	219
270	111
337	14
