422
258	79
315	79
275	19
290	200
290	106
267	25
298	119
342	220
303	222
375	53
125	99
381	176
346	7
379	195
358	123
299	58
319	8
334	79
271	111
351	227
310	79
310	4
304	223
293	7
274	179
305	51
324	391
380	247
355	127
337	187
347	398
329	109
297	62
298	223
295	110
266	56
270	136
295	2
309	96
275	229
289	420
355	137
314	111
348	21
305	84
347	69
305	123
272	27
266	79
314	134
289	130
384	4
370	56
300	106
298	194
288	121
298	99
270	80
309	127
309	2
274	149
308	207
350	29
381	179
256	160
305	11
298	16
255	34
378	223
337	178
276	165
358	79
256	82
285	81
258	225
288	60
328	419
301	19
300	7
270	8
309	11
352	8
339	80
374	93
305	393
351	220
315	57
315	84
318	141
124	48
356	79
337	389
352	237
319	45
255	19
305	136
292	61
257	79
338	84
274	389
299	79
256	167
342	7
124	16
301	80
318	5
274	127
256	51
335	219
305	62
343	131
352	232
384	138
338	5
270	136
276	58
308	8
279	107
329	40
347	394
371	391
321	111
280	10
335	16
337	104
325	7
310	391
309	14
298	170
260	7
326	193
293	102
344	122
123	22
342	26
276	385
250	238
383	79
356	120
309	393
294	393
374	406
305	19
269	221
302	79
306	127
300	40
333	31
382	20
300	7
271	140
281	199
331	159
353	79
278	166
337	14
378	3
305	7
276	113
250	417
335	7
341	85
325	235
314	7
347	404
285	161
81	99
284	121
360	249
324	44
285	79
356	415
288	393
384	137
314	7
293	20
335	7
274	104
349	204
260	394
289	29
336	23
313	14
277	51
374	31
305	173
301	185
253	79
349	79
356	144
310	29
290	191
337	15
375	132
314	79
307	25
290	56
288	19
301	10
272	12
258	50
285	81
349	15
384	79
260	5
296	79
280	222
355	106
313	80
305	7
379	83
279	14
307	25
374	15
366	202
264	123
255	397
335	192
336	59
292	162
383	18
378	72
341	79
294	9
312	89
279	102
383	243
380	32
342	410
298	14
278	195
374	177
256	91
287	418
310	17
384	7
282	136
352	14
335	216
393	147
277	128
383	391
271	10
356	22
382	106
377	93
299	412
275	29
356	219
347	246
264	8
279	32
352	51
337	229
318	84
332	57
278	8
348	181
346	421
268	85
345	7
348	222
333	222
264	96
337	57
305	206
337	245
274	16
349	25
290	25
342	5
356	236
300	65
342	79
314	8
346	22
349	16
345	79
273	79
280	6
355	79
299	174
346	106
298	392
314	166
287	154
338	40
336	168
276	225
347	15
377	6
345	93
278	93
311	33
375	161
276	409
306	79
255	27
346	422
355	11
321	162
337	156
356	228
351	204
344	118
356	227
317	17
272	137
294	34
355	421
336	228
369	120
341	110
345	137
314	402
311	12
347	79
260	7
286	145
288	221
342	41
347	80
256	411
381	47
347	203
342	7
265	143
262	163
289	239
377	138
278	78
351	106
81	36
355	32
342	385
279	51
355	7
298	53
379	114
377	15
313	210
275	131
313	79
293	30
346	8
352	26
266	42
309	106
266	393
322	237
278	81
335	119
280	15
347	11
305	95
342	35
361	122
309	409
123	79
344	219
299	80
315	77
276	85
271	385
341	79
305	8
304	116
264	107
293	45
382	79
382	79
277	150
315	222
326	10
355	94
278	229
347	110
294	7
375	79
283	95
283	81
334	155
324	209
81	20
309	29
335	32
347	1
338	36
377	51
342	99
356	400
279	41
341	6
279	136
382	7
287	7
345	39
355	79
326	391
355	7
376	128
260	57
356	75
329	131
357	34
375	64
378	43
304	37
356	17
315	84
344	41
278	148
337	183
333	214
332	101
376	52
340	92
310	90
334	215
81	10
315	183
289	53
375	8
332	36
285	57
293	79
378	196
21	106
267	8
250	212
384	120
272	7
272	106
280	7
267	56
289	68
323	52
270	225
305	76
275	230
266	244
309	408
259	21
294	131
278	219
377	110
341	218
298	79
327	93
377	16
300	420
314	205
380	80
289	5
337	202
334	80
123	52
338	34
334	418
254	116
299	19
304	28
383	189
379	22
327	7
250	229
294	157
297	183
316	81
383	79
353	146
380	24
347	197
334	190
263	15
381	99
234	80
374	122
305	5
378	26
356	8
21	169
293	51
296	79
350	122
323	11
335	18
376	113
338	27
272	139
309	242
341	35
81	27
379	158
301	143
270	79
290	112
124	57
81	73
377	193
279	123
341	404
324	37
290	111
304	413
341	405
266	221
346	27
308	79
378	391
290	56
300	103
348	142
303	186
81	7
384	105
291	15
339	87
339	227
377	7
290	95
339	7
378	191
304	7
307	99
255	19
359	240
380	93
347	7
335	122
293	63
358	99
378	12
298	225
251	157
267	11
327	111
356	2
125	80
300	129
346	393
290	106
378	385
322	180
383	188
377	175
355	242
334	415
304	30
342	10
305	101
325	2
271	6
335	81
293	414
338	34
345	52
333	226
256	230
286	25
305	27
277	10
313	385
305	411
310	14
340	42
300	55
286	229
341	385
336	101
318	229
335	391
352	136
295	45
335	93
298	20
294	403
380	79
340	8
382	93
355	80
275	99
310	399
375	7
301	8
326	8
298	79
319	395
348	40
335	8
272	7
308	390
305	106
384	403
296	223
39	405
352	386
347	56
258	239
274	219
290	234
355	20
347	7
256	405
356	59
333	96
273	11
269	57
367	79
261	155
290	225
347	74
349	7
340	388
287	153
356	9
79	53
286	23
300	46
270	203
314	222
347	198
347	401
348	53
349	99
346	45
286	80
372	13
302	25
379	41
382	23
255	44
277	182
281	224
288	122
321	222
299	134
318	194
286	216
345	98
298	79
313	79
336	23
377	79
320	227
299	80
300	22
308	124
345	96
278	25
383	93
379	16
321	79
264	79
352	135
344	106
267	241
310	81
275	22
294	219
347	11
351	79
347	106
376	45
379	143
358	6
323	172
275	115
347	93
357	26
371	122
345	191
258	225
341	114
382	93
286	9
297	241
305	81
266	83
382	2
379	18
124	117
343	23
310	219
290	407
327	7
342	7
344	18
352	51
347	220
314	100
340	93
260	136
346	84
293	152
287	114
296	385
314	99
336	67
330	231
273	123
378	226
323	100
334	16
264	22
336	85
371	28
338	220
348	140
307	108
336	19
346	7
346	66
298	16
384	407
273	7
287	11
266	196
81	6
270	17
384	194
297	13
289	85
320	104
264	7
296	110
341	11
373	2
288	237
326	416
272	388
297	25
347	86
325	396
313	24
337	8
364	8
266	171
336	408
383	111
349	38
368	164
351	102
311	31
265	215
379	5
340	123
349	395
272	183
300	231
340	105
262	146
363	70
347	208
355	49
255	213
291	117
324	126
337	64
347	138
310	7
301	133
355	227
332	201
311	23
356	32
309	398
300	100
310	131
266	8
354	219
344	211
377	221
298	29
362	106
252	24
275	219
288	88
338	27
382	14
309	206
371	48
346	54
279	131
284	81
273	18
336	127
260	106
381	184
258	163
355	248
300	24
264	120
365	10
260	7
378	151
310	110
379	71
338	7
284	97
260	15
304	6
330	26
306	7
273	51
320	233
309	411
281	217
300	403
324	83
347	180
384	387
310	7
342	223
331	184
123	179
276	402
336	7
275	15
322	19
