422
359	25
382	4
340	412
293	219
346	389
267	8
269	217
344	19
349	196
342	79
313	2
337	134
310	116
326	123
286	222
266	183
353	128
258	79
264	29
309	21
300	405
342	79
305	158
347	208
123	211
293	193
377	59
346	56
275	152
301	94
258	398
280	8
81	57
300	179
289	25
274	234
374	26
300	102
366	77
380	52
279	22
341	93
272	175
336	219
276	79
309	7
356	81
287	7
295	93
334	79
349	177
305	134
382	27
346	8
288	8
305	15
345	151
280	182
266	131
289	239
378	227
278	37
255	106
335	81
255	193
345	106
288	51
378	68
331	100
264	232
383	23
305	9
315	218
314	25
250	422
329	227
296	7
383	7
294	420
314	222
341	137
304	57
341	149
349	53
298	69
325	79
378	79
338	9
278	27
335	19
272	27
339	7
378	121
349	409
320	59
270	137
266	25
315	99
300	224
309	123
338	45
345	93
341	179
336	74
293	244
336	56
347	143
318	8
21	385
377	215
371	84
377	30
298	15
317	96
276	216
268	110
304	7
256	79
279	421
347	80
285	80
319	204
286	413
281	44
356	51
288	79
351	56
319	80
316	7
335	81
260	5
309	79
348	41
313	180
274	93
309	387
289	80
355	11
344	184
384	194
335	57
344	22
315	81
310	403
278	11
352	79
347	107
289	408
39	212
336	62
283	7
337	2
123	122
384	222
298	79
305	9
334	14
255	32
355	7
355	122
321	8
320	393
290	205
305	417
301	11
334	78
322	22
290	180
288	172
290	111
264	51
342	51
377	225
308	19
311	146
293	135
270	222
81	225
279	106
371	127
312	142
255	233
371	204
380	23
274	81
375	136
277	16
347	80
275	79
264	8
250	196
255	407
342	183
314	190
383	99
305	7
299	23
328	93
282	51
298	34
266	136
299	157
377	103
323	131
260	79
303	223
327	6
260	79
384	22
338	131
347	110
304	155
273	6
346	13
374	117
294	389
379	8
260	122
305	395
300	52
326	109
355	156
257	99
305	219
346	391
335	24
342	143
270	79
333	93
334	7
337	220
319	7
364	179
289	16
347	20
299	105
256	148
352	79
288	159
384	183
298	223
300	7
322	191
318	119
314	52
298	79
309	161
251	7
347	12
346	7
340	18
81	64
356	48
274	44
338	88
349	237
296	38
284	402
382	127
379	99
378	76
267	18
255	79
300	10
278	84
352	229
341	414
310	57
277	83
336	209
352	409
333	221
261	153
290	79
260	20
297	100
286	80
305	7
326	39
253	92
81	25
346	126
347	408
292	14
357	401
309	138
297	98
358	132
381	410
360	247
351	53
341	45
299	242
265	58
378	23
297	219
288	79
378	2
377	104
305	122
358	16
297	73
356	231
339	143
382	66
305	20
375	219
294	157
271	207
351	45
347	393
81	19
283	5
256	133
384	137
325	227
347	79
336	222
382	131
355	14
342	123
347	162
304	227
336	11
356	110
335	241
270	97
340	15
296	72
350	420
258	28
349	136
272	10
289	79
346	84
343	7
321	8
335	11
278	24
315	187
358	170
314	201
338	415
318	19
310	99
278	79
305	221
347	57
263	404
267	235
286	80
356	22
259	385
355	40
375	415
256	100
325	27
329	53
345	10
306	79
310	93
341	25
276	202
310	222
310	24
334	104
336	19
339	385
298	30
341	51
314	144
266	394
310	36
324	225
347	120
299	114
349	7
378	93
340	15
256	35
309	13
274	101
362	106
314	131
356	7
324	106
285	203
332	14
298	79
349	16
365	101
274	79
352	230
272	166
337	34
123	29
293	111
327	228
332	114
250	7
345	206
274	393
272	385
349	395
293	110
323	176
293	226
286	58
290	26
376	84
286	396
342	237
278	53
298	79
337	79
296	7
338	416
334	229
299	7
264	32
273	34
347	29
363	24
342	214
335	166
318	31
356	14
377	12
287	80
299	388
279	7
374	28
277	162
298	391
303	392
351	136
337	7
305	60
378	391
380	146
379	80
342	163
356	87
266	79
273	198
309	154
348	57
310	236
260	90
379	110
264	7
270	7
256	84
355	220
341	32
379	122
382	27
292	56
381	67
285	123
371	15
327	195
337	14
290	79
311	17
309	136
335	80
272	206
375	7
376	82
298	108
308	6
81	418
345	227
305	140
315	41
321	7
350	8
270	181
278	194
258	7
280	86
335	385
308	106
355	102
348	85
337	2
357	195
125	81
334	29
337	32
294	8
374	249
341	228
288	1
300	7
304	2
346	164
344	106
323	18
294	398
297	56
336	79
252	129
374	136
348	122
81	93
300	174
279	16
347	185
301	10
384	56
270	7
352	14
266	117
305	113
351	25
393	173
376	102
298	79
381	17
308	79
318	33
336	93
272	6
123	8
378	225
335	199
329	202
378	229
309	239
379	131
384	11
347	84
352	141
375	10
287	57
298	393
288	136
311	399
321	106
295	391
258	111
314	79
278	8
265	138
273	241
355	225
382	127
356	20
338	139
273	120
314	119
335	25
314	7
301	223
342	15
379	10
275	248
267	7
124	385
324	405
255	245
298	96
377	79
298	43
356	223
305	231
250	79
369	394
338	183
300	106
323	53
271	219
271	62
330	178
284	7
333	165
382	40
124	7
310	110
380	64
81	194
290	36
326	23
301	160
382	106
276	79
337	79
356	52
377	7
332	127
290	106
341	111
347	7
275	46
310	21
373	6
289	246
348	31
343	8
370	18
325	419
264	50
380	221
338	403
275	197
338	222
275	163
354	184
280	411
260	15
333	79
294	75
275	61
344	83
377	17
374	127
355	391
258	12
347	26
313	203
300	7
266	70
383	79
291	16
340	8
333	81
336	122
337	223
347	104
277	5
314	16
337	145
355	411
306	16
353	34
337	137
346	238
279	188
382	112
266	400
269	192
276	388
293	95
356	150
336	219
294	11
125	111
310	391
21	80
260	216
320	91
315	405
344	128
324	230
375	89
377	243
341	17
347	27
301	106
347	220
305	171
272	96
272	29
313	225
279	23
124	85
234	404
379	411
379	79
346	10
345	213
346	40
377	42
299	7
254	167
280	51
347	130
277	31
332	47
285	27
304	155
287	191
304	80
279	105
289	34
307	54
347	106
304	19
376	215
309	95
307	49
345	229
293	99
270	391
383	14
305	237
342	22
342	11
278	29
355	5
281	120
381	8
352	393
262	101
293	8
309	7
352	83
340	19
276	219
342	99
264	63
378	240
302	161
284	107
294	48
384	35
355	15
309	219
380	26
355	55
313	114
379	81
356	229
295	123
351	37
300	7
314	11
273	393
307	5
379	80
286	191
271	19
287	121
290	5
302	99
356	118
356	81
267	79
322	85
327	51
279	403
305	123
298	79
308	22
315	96
347	220
296	25
367	168
384	20
331	186
300	16
307	45
383	79
300	229
330	15
356	407
275	18
335	113
313	36
348	32
281	2
358	7
310	386
275	402
290	41
260	115
368	93
290	79
361	124
384	106
340	8
305	79
347	6
355	421
301	85
310	99
383	385
355	169
337	242
339	120
290	3
311	106
335	140
300	7
262	226
383	116
287	5
384	15
375	4
266	390
381	11
285	40
347	99
275	10
324	418
345	189
324	85
344	8
79	65
276	138
346	397
334	95
383	147
124	7
291	221
306	71
352	41
276	7
326	6
348	45
290	200
256	210
342	406
372	93
355	26
256	42
313	51
271	111
