422
302	164
277	106
355	123
382	206
314	44
347	9
290	36
258	80
256	95
283	158
337	24
345	401
338	408
272	14
301	8
324	229
271	114
262	79
326	132
329	79
286	80
278	101
374	37
294	226
319	395
332	181
288	15
343	219
298	229
293	98
376	79
276	194
342	8
310	2
347	45
356	212
305	223
305	11
327	385
309	51
300	106
307	210
313	79
341	7
326	99
305	53
288	79
250	234
338	138
310	79
356	409
324	28
294	408
322	163
294	34
375	173
332	228
348	404
375	110
307	391
272	81
305	47
342	216
382	23
305	15
301	151
275	238
351	83
314	120
376	42
289	193
255	7
335	25
315	84
336	397
124	15
378	120
379	29
355	19
305	405
300	96
267	195
272	231
321	20
383	178
339	136
269	73
307	7
310	183
335	99
355	81
309	5
81	106
258	7
384	7
350	6
273	235
261	216
256	40
274	225
382	100
260	157
300	51
274	33
349	177
275	420
344	393
304	79
278	83
379	79
305	19
297	148
326	415
335	7
256	208
300	11
125	387
289	385
300	93
309	402
291	115
342	418
337	22
302	385
356	219
305	39
311	136
300	79
333	421
295	7
275	22
300	99
308	25
315	96
364	7
285	247
347	237
300	106
304	213
340	105
335	27
258	5
304	79
363	25
300	187
264	23
337	143
318	7
323	79
375	108
351	204
333	223
352	119
345	123
264	2
319	205
337	27
279	7
299	87
279	79
275	222
379	27
384	411
384	2
255	85
336	8
309	131
356	85
280	11
341	76
345	20
308	191
298	93
347	179
305	28
293	16
347	51
378	411
344	56
379	23
253	84
299	110
314	160
297	117
333	396
312	385
81	7
359	145
274	36
299	25
305	7
314	128
287	93
260	113
355	106
347	16
375	15
336	217
347	89
341	131
384	29
377	128
298	57
279	67
382	15
21	25
384	10
366	7
234	79
268	79
342	117
383	45
377	32
384	7
355	243
334	122
266	127
305	79
334	8
314	45
305	57
352	107
259	110
284	13
313	29
374	7
300	41
349	176
300	10
318	79
324	399
264	214
347	191
318	84
337	95
341	121
321	112
383	174
256	80
305	27
264	79
342	222
348	7
314	57
298	240
260	207
381	163
39	22
278	398
81	25
310	232
336	4
383	7
349	104
270	11
342	93
288	227
270	69
371	40
275	218
252	105
280	127
265	225
266	51
332	223
125	9
347	53
380	22
336	22
341	14
277	228
346	389
347	5
355	143
296	17
336	229
294	79
344	7
335	152
298	144
264	93
316	146
304	183
349	79
306	102
286	420
337	140
381	22
310	51
347	171
357	385
336	17
315	79
308	233
274	199
260	79
378	18
384	121
333	211
346	122
356	101
255	7
271	62
305	245
305	393
323	7
279	18
349	162
335	93
282	220
377	32
309	400
347	16
348	155
346	99
292	111
341	140
340	15
289	391
335	136
289	219
272	230
266	162
305	225
298	180
276	84
287	127
337	20
377	200
331	85
340	149
258	80
337	223
274	18
327	136
380	50
309	123
285	122
355	222
306	8
298	27
367	41
346	91
277	79
337	165
355	159
356	154
336	215
346	229
356	32
377	17
379	8
340	31
356	183
317	116
337	79
295	93
384	136
347	30
281	142
289	80
266	30
284	222
378	412
320	85
352	19
266	196
346	137
374	7
311	29
315	59
347	196
255	413
341	180
278	56
349	45
347	93
281	157
344	79
303	393
342	81
290	8
301	38
356	7
342	7
308	93
277	184
296	93
298	248
292	81
326	183
379	52
273	229
319	99
368	225
258	184
373	79
275	225
347	386
338	170
382	392
380	12
270	141
356	72
260	96
278	107
290	137
310	111
375	79
347	70
293	106
293	99
338	220
283	106
278	197
123	202
344	68
280	122
289	56
278	123
358	237
352	7
393	26
293	21
294	6
250	111
361	1
352	224
270	393
257	79
341	405
347	56
296	59
378	406
297	139
315	14
314	244
349	81
374	136
350	241
273	194
260	131
258	79
338	6
352	24
250	188
308	192
290	27
310	172
371	19
265	221
355	23
298	79
323	31
296	79
288	32
347	219
313	79
287	7
305	41
299	16
315	99
356	198
278	7
309	215
256	222
377	84
331	391
267	36
278	167
272	79
377	106
376	111
299	85
347	26
334	102
286	422
345	7
321	14
290	236
339	6
351	26
79	134
310	8
293	15
304	37
270	8
329	8
348	55
379	11
376	7
298	417
272	3
123	403
378	19
310	106
256	57
271	189
260	52
124	34
327	79
325	34
375	222
336	81
352	24
81	15
250	52
354	52
382	110
289	40
338	80
378	185
314	146
293	119
21	80
305	209
334	14
275	96
380	35
318	220
276	92
296	80
310	58
297	147
279	20
358	168
342	227
309	56
340	193
336	182
342	111
325	111
280	411
355	40
276	120
264	391
306	7
323	246
352	131
284	83
383	179
345	79
272	79
379	6
285	12
320	62
280	133
358	51
380	385
260	90
356	97
293	80
346	394
275	388
381	407
334	416
347	11
294	53
356	57
279	79
288	78
266	225
324	61
347	221
290	202
305	93
285	79
378	219
314	16
309	19
377	10
351	166
339	7
374	239
338	8
342	81
311	79
348	16
355	48
255	99
353	94
273	18
273	186
330	242
289	155
384	14
256	18
270	79
335	45
360	57
378	230
255	11
304	415
275	138
324	31
288	7
299	77
260	150
277	79
286	48
349	25
321	231
348	156
288	75
341	114
322	24
351	10
298	88
297	227
270	409
355	65
328	99
267	161
266	12
318	74
342	227
337	14
379	54
345	19
310	418
324	123
81	194
334	221
377	393
310	2
369	110
293	63
338	22
309	394
309	8
335	116
290	15
266	71
298	421
325	403
377	7
347	25
262	8
290	51
356	166
326	106
335	203
298	7
347	8
355	20
299	8
347	219
344	204
344	4
330	249
352	51
311	7
287	124
264	49
381	79
347	222
123	161
346	190
304	103
305	220
337	9
293	79
314	79
271	25
377	79
338	56
342	6
287	126
379	2
342	7
384	122
329	16
314	51
285	80
300	93
290	407
313	201
300	42
272	19
335	14
334	80
356	7
275	389
81	32
313	21
300	402
286	102
267	84
356	7
276	419
341	64
346	130
290	229
355	136
347	242
313	109
325	53
251	66
384	8
356	191
327	60
287	106
355	34
337	11
336	388
281	27
346	7
303	29
383	391
310	118
274	44
340	10
355	241
255	179
345	137
290	113
339	23
346	100
279	219
123	79
313	237
383	7
309	10
294	101
379	127
371	114
290	35
382	414
270	23
299	79
334	26
315	19
348	95
278	223
346	106
291	8
288	127
378	153
355	8
272	13
305	403
346	81
298	79
263	143
300	138
266	120
335	34
341	410
286	106
276	43
256	26
362	86
333	385
264	134
254	7
81	405
295	53
371	106
298	41
357	195
338	81
310	29
274	123
383	226
380	64
383	5
279	106
349	169
320	2
301	17
276	219
375	57
382	393
382	16
335	10
378	7
301	219
124	122
352	129
370	5
273	11
294	395
335	80
309	5
345	131
298	391
358	7
286	10
124	175
314	104
304	11
301	404
372	137
269	7
378	227
382	15
290	16
341	391
322	6
332	7
271	80
351	99
307	131
340	8
374	398
266	58
353	7
365	203
279	239
81	110
336	5
345	135
276	82
377	100
337	104
309	390
343	46
267	122
381	206
301	221
