422
305	409
283	73
314	24
356	168
356	24
352	27
263	103
377	421
81	136
335	231
267	53
81	137
278	25
276	143
278	225
348	391
384	145
277	122
339	57
260	248
336	51
301	110
326	48
308	236
267	128
356	231
307	26
384	172
297	169
352	7
290	96
356	93
310	8
305	127
384	79
335	249
374	111
384	160
285	31
341	149
298	25
260	400
315	156
271	409
323	176
300	80
285	117
287	24
258	104
346	152
331	113
305	225
335	7
270	29
270	388
256	387
290	74
272	2
281	11
313	193
334	79
277	17
341	183
264	7
260	221
21	99
286	225
305	120
378	227
369	1
290	66
300	16
336	179
297	183
355	386
309	7
298	54
293	117
290	221
309	389
384	106
377	214
333	19
297	79
355	166
346	191
310	45
278	8
340	55
341	244
266	7
344	20
313	7
363	8
124	393
308	79
304	42
123	136
273	128
296	45
335	22
383	25
338	10
305	183
338	240
300	114
338	120
347	5
351	223
81	114
310	120
300	80
333	158
378	221
256	10
352	98
337	100
355	80
266	81
251	93
345	219
362	217
256	82
277	119
354	127
280	79
285	188
349	153
381	406
382	195
288	171
273	49
335	79
299	19
338	227
349	2
333	179
293	81
382	15
312	16
352	14
266	29
377	25
341	391
378	8
315	79
298	163
383	134
271	99
348	13
334	10
275	87
259	136
285	27
356	175
322	7
323	413
296	8
289	7
341	225
324	122
256	227
358	147
305	154
384	22
375	219
374	229
346	403
347	101
293	20
125	227
268	229
376	79
384	385
275	221
347	32
298	19
379	148
377	97
306	202
324	79
356	142
379	143
340	93
310	84
334	52
347	65
382	46
383	80
375	415
382	232
326	79
298	207
266	15
314	10
264	51
307	110
314	85
264	122
262	116
286	16
350	9
346	57
294	79
357	81
309	393
294	53
347	34
355	16
322	219
287	132
339	19
314	79
383	106
349	40
307	36
266	113
360	106
304	7
305	79
330	138
336	162
294	131
347	219
260	407
336	7
304	124
275	177
269	411
305	35
337	140
329	7
274	79
347	6
272	226
341	15
344	85
277	8
315	405
337	79
313	67
314	89
123	99
341	8
379	76
305	109
346	84
372	19
364	7
340	411
299	418
314	184
314	34
298	71
273	385
266	7
321	95
338	51
347	106
371	6
298	79
293	131
340	111
260	407
348	120
336	110
272	136
260	123
355	25
310	7
309	122
309	11
348	398
288	110
275	75
379	402
294	161
300	206
323	25
377	170
347	215
320	57
344	164
261	7
375	18
346	6
298	51
293	404
377	116
301	99
301	93
309	227
352	41
379	205
81	40
346	167
377	121
255	192
279	45
377	81
356	44
337	14
272	79
347	7
277	242
305	163
287	417
299	105
353	119
309	136
290	239
301	80
335	394
266	220
347	23
335	8
380	16
269	242
81	219
384	101
282	233
279	93
342	14
293	41
367	104
338	5
295	405
278	79
352	84
321	29
342	220
289	146
299	239
346	14
384	106
276	79
278	8
355	99
300	8
310	36
380	161
355	84
309	10
252	210
305	16
300	56
305	58
345	22
371	70
289	17
345	186
334	81
382	408
307	11
315	41
314	127
348	79
288	81
278	14
315	408
279	157
319	7
305	32
342	418
347	102
301	136
300	40
342	114
331	107
292	79
336	10
347	220
339	7
288	137
348	184
325	22
258	137
345	111
378	421
250	64
351	79
81	174
337	391
124	194
322	79
255	96
344	414
255	83
297	39
342	218
302	127
316	8
337	219
356	198
314	106
278	396
330	139
346	2
256	7
318	79
342	106
347	100
324	22
335	129
39	229
337	84
332	27
337	15
293	32
271	7
275	81
378	222
326	68
341	203
272	16
327	203
373	79
377	17
296	52
301	14
378	95
368	51
356	81
382	27
342	189
309	10
345	194
338	56
355	79
378	219
310	16
289	21
323	195
262	59
356	30
343	230
336	94
379	7
267	56
351	134
351	196
264	106
349	391
359	216
352	5
300	2
345	99
286	190
314	222
393	390
278	388
305	412
379	415
318	7
352	80
283	385
275	45
382	7
258	7
382	27
346	391
338	395
305	15
264	91
347	99
309	7
284	2
320	155
366	130
308	72
325	101
286	6
337	399
371	23
344	138
288	18
318	7
347	110
275	398
319	35
299	15
374	395
336	7
320	12
358	38
376	7
272	224
250	222
365	5
272	85
381	191
335	385
381	57
276	122
347	225
377	30
270	44
313	111
325	19
378	393
337	106
375	57
296	222
355	15
256	141
300	131
253	22
274	53
350	180
309	20
380	115
336	57
305	222
335	237
326	6
250	234
300	85
270	12
344	11
293	93
375	79
374	78
355	405
279	80
356	81
305	185
289	15
380	241
292	28
305	243
377	131
324	83
340	228
332	111
356	79
342	187
260	88
343	56
345	191
361	223
374	80
276	83
383	237
289	7
379	11
275	20
279	7
305	123
298	69
125	18
342	93
272	223
273	99
278	106
310	219
288	28
344	106
306	199
355	29
355	403
289	123
276	7
380	51
284	80
341	7
380	208
340	7
311	159
347	219
254	246
378	11
327	23
287	150
264	18
358	16
321	106
383	5
293	31
250	222
298	226
370	62
276	26
381	404
341	7
337	123
333	9
356	50
329	223
332	140
298	34
79	131
318	93
334	79
337	8
266	26
317	182
348	99
347	63
310	201
309	8
123	7
338	247
336	57
328	136
349	394
258	93
324	34
356	110
256	178
123	34
281	209
327	206
376	122
308	5
273	385
349	107
274	8
349	22
339	25
290	7
257	229
294	6
378	7
295	79
279	7
300	41
298	24
309	411
345	56
382	216
299	179
310	4
270	62
338	204
355	26
326	204
341	8
311	419
297	420
303	8
258	105
280	79
298	60
381	422
352	80
314	31
304	93
305	90
295	7
383	61
287	133
234	6
333	4
309	79
300	102
293	42
379	2
356	93
258	59
355	131
291	402
264	197
376	11
371	215
311	137
313	7
270	138
304	47
384	391
270	25
342	9
383	51
355	126
290	96
335	211
266	29
347	10
275	32
336	173
347	392
346	15
304	385
382	245
324	85
286	79
327	48
279	3
267	111
291	13
294	99
346	58
310	7
260	79
274	79
260	180
299	151
298	118
274	403
286	112
288	155
352	11
347	212
314	11
378	26
255	79
383	33
255	213
355	8
298	79
286	100
335	393
81	18
349	106
337	401
310	397
315	12
271	52
289	37
294	7
275	5
353	23
321	183
270	79
298	144
265	225
267	389
355	80
290	37
347	122
272	385
305	79
336	143
278	23
124	14
302	235
313	23
379	79
255	27
347	7
337	27
384	196
347	53
318	19
304	241
290	146
345	228
255	220
378	7
290	56
280	93
21	45
349	52
334	222
280	202
346	135
265	80
342	157
342	32
356	193
296	64
310	51
351	79
374	40
347	20
334	420
264	166
279	181
313	393
357	14
342	19
306	19
303	229
310	127
325	8
340	106
124	51
294	79
290	106
358	393
273	104
290	238
276	92
375	416
276	237
332	123
290	25
347	17
375	123
81	230
329	194
311	102
274	200
288	79
335	80
308	11
304	121
351	21
274	79
341	77
319	43
266	7
285	165
300	108
287	79
300	36
377	410
356	162
281	79
315	79
301	96
299	84
271	29
335	53
342	391
284	8
379	223
256	15
334	86
280	229
279	95
