422
294	219
298	8
256	403
309	234
291	34
371	52
308	6
280	80
302	136
352	36
378	239
256	52
301	123
270	99
305	19
274	145
379	403
273	177
278	14
324	16
298	107
351	219
347	80
319	34
327	51
355	2
81	50
329	58
384	81
310	12
310	79
289	110
346	2
300	79
299	80
337	39
336	229
355	240
278	129
81	29
333	40
313	226
293	108
330	136
348	114
304	57
346	95
336	119
298	99
258	26
258	127
382	42
321	123
378	11
296	212
371	227
264	79
358	203
271	80
266	138
384	223
295	122
286	92
347	106
279	7
306	79
304	225
300	8
273	206
293	130
341	7
342	222
352	80
276	55
379	80
376	6
267	120
286	7
337	155
377	385
337	244
338	25
279	20
384	79
39	11
315	24
342	127
336	23
384	231
383	227
375	28
337	80
335	10
371	156
296	72
334	66
334	2
345	391
296	422
310	101
298	221
364	21
276	144
377	391
271	16
348	22
284	57
355	7
298	13
355	216
264	84
296	202
275	53
300	247
376	51
272	106
310	184
288	163
384	7
286	7
298	106
274	84
261	216
266	102
308	394
336	8
314	35
270	385
348	40
349	22
288	99
355	146
289	110
380	41
347	79
260	5
340	120
307	24
321	100
355	93
264	124
378	7
290	16
288	79
321	23
336	23
289	93
332	15
310	203
347	22
293	227
354	223
377	411
279	45
342	405
352	179
382	8
310	79
289	79
264	113
293	49
341	9
355	17
384	47
346	7
305	147
380	408
294	385
367	99
81	398
274	199
333	412
81	26
355	79
305	79
382	8
313	14
378	32
290	81
337	123
299	51
270	220
322	219
327	65
355	18
337	53
316	46
323	79
363	127
314	69
315	7
321	219
352	127
300	83
328	131
270	7
262	158
123	405
315	79
380	109
297	10
370	135
124	61
355	15
347	220
325	24
274	27
379	79
313	95
311	176
318	119
380	8
293	178
381	218
275	79
347	219
337	154
123	392
342	7
314	121
325	24
349	396
365	45
284	155
333	19
292	160
334	99
301	81
279	93
272	11
305	132
299	106
377	93
341	7
340	79
286	237
255	81
305	57
348	402
301	25
289	241
393	185
292	79
318	97
383	143
279	200
265	221
345	27
255	409
356	230
271	131
297	26
348	44
250	18
334	391
309	162
382	7
356	31
269	79
315	60
256	388
324	80
260	14
319	387
260	26
234	223
274	7
378	157
262	101
290	20
338	229
305	106
358	1
356	402
352	209
374	230
270	238
378	191
347	7
341	225
311	100
290	74
326	83
305	413
383	7
305	79
315	7
308	221
270	7
343	38
276	228
277	44
307	122
300	79
372	140
267	93
323	79
333	6
337	27
339	157
313	99
123	7
345	29
290	197
336	208
338	223
304	11
349	407
266	163
259	80
377	99
341	11
310	79
263	10
296	5
290	62
332	7
376	102
352	225
341	95
288	186
267	54
254	7
275	104
279	204
309	8
335	111
320	45
377	79
305	105
298	56
290	213
340	9
347	184
341	8
351	137
268	229
309	104
250	393
384	21
124	81
356	13
347	187
255	239
81	7
324	25
314	34
347	222
378	136
256	81
299	2
256	22
258	8
294	27
298	215
382	126
360	110
271	165
344	195
297	79
304	8
346	34
375	79
334	142
289	32
294	136
356	7
256	117
338	188
337	400
318	7
310	224
278	385
336	64
335	131
340	134
278	57
341	148
349	41
310	106
298	16
341	15
313	19
275	22
341	23
264	53
280	106
342	143
293	4
335	31
305	194
351	137
334	7
291	393
356	159
335	181
285	416
278	123
123	10
293	397
309	19
81	32
265	23
314	110
309	111
374	115
381	166
347	222
267	10
290	85
378	171
356	59
379	51
377	4
325	34
337	393
314	32
371	196
272	179
273	207
301	94
317	83
339	93
335	79
318	7
344	80
280	62
324	106
344	3
124	86
310	99
301	56
302	385
305	122
299	79
336	222
331	414
340	8
347	41
309	120
357	93
379	25
375	215
356	227
309	42
346	30
383	96
271	52
357	418
345	7
377	228
285	389
256	100
384	58
300	210
336	246
124	114
384	183
346	122
276	79
347	56
79	7
270	398
379	110
373	106
352	190
329	101
303	79
300	141
340	15
345	11
250	19
305	36
355	36
346	196
338	128
286	385
307	14
349	389
310	106
355	183
298	79
311	182
286	204
358	51
346	169
382	131
347	57
381	393
279	123
295	91
377	237
283	122
313	221
290	194
285	79
335	10
383	11
313	137
314	7
277	8
344	242
308	15
355	9
300	138
276	16
306	79
322	43
288	150
381	225
278	12
348	222
344	17
293	16
333	93
344	419
362	96
342	90
255	395
304	96
335	93
276	29
347	79
326	8
353	189
350	136
347	56
290	25
349	111
378	134
273	56
280	71
282	106
346	7
21	111
294	68
324	81
346	103
309	411
337	242
272	57
305	143
301	79
332	166
287	136
269	79
299	98
125	11
266	79
275	211
266	19
347	6
347	161
379	93
305	167
337	205
341	88
297	5
337	391
307	104
290	51
260	25
288	11
301	79
334	79
273	51
343	33
305	15
342	193
347	79
309	93
276	19
305	395
81	179
310	180
347	192
324	77
384	85
266	5
382	64
383	22
285	80
314	220
351	25
351	183
281	195
300	73
377	93
295	79
380	35
280	391
255	27
349	81
361	20
293	401
309	27
272	214
305	52
21	48
352	16
339	7
318	14
260	146
272	16
342	122
356	79
260	223
81	198
278	40
334	225
345	53
281	227
335	161
346	37
272	233
310	6
264	191
253	5
342	84
355	421
374	117
300	418
266	40
299	390
300	121
250	7
323	37
338	2
347	415
310	232
298	405
314	191
275	25
375	140
298	99
309	102
275	27
308	168
255	41
320	79
298	219
287	183
320	5
380	7
288	7
326	243
279	48
355	222
348	7
298	45
352	96
273	394
300	229
368	136
366	79
274	403
346	14
347	164
378	84
353	406
293	29
275	235
375	32
290	6
305	19
347	407
284	139
323	20
374	89
325	82
349	85
379	415
297	421
256	63
266	118
258	106
300	16
377	7
356	7
258	17
352	128
285	8
374	18
384	138
379	110
355	75
382	7
338	45
376	30
338	10
351	76
279	393
329	151
315	245
332	386
272	137
289	111
294	99
341	220
274	79
383	122
125	8
379	114
315	53
287	131
266	79
304	85
336	202
276	7
304	8
378	420
369	229
339	217
314	393
338	116
375	51
346	8
275	84
309	226
322	8
294	193
345	28
342	172
345	241
378	29
355	59
303	2
286	56
267	14
347	7
345	173
342	231
336	15
356	29
306	31
304	67
382	15
335	410
309	225
335	105
255	123
298	80
270	26
305	404
374	388
312	51
300	237
336	127
356	408
281	175
272	111
356	84
347	391
260	116
347	7
335	385
278	5
277	8
342	80
350	79
288	162
349	23
311	79
314	201
305	15
252	22
327	113
257	219
287	391
331	106
289	236
377	19
278	87
356	120
335	409
338	14
359	7
266	131
278	174
264	81
299	20
358	248
335	194
344	7
375	10
298	7
347	18
356	78
340	85
260	17
356	57
356	25
337	133
330	112
287	180
264	106
283	404
251	149
379	219
326	152
383	107
314	170
342	7
275	411
258	399
287	11
277	153
260	249
300	219
277	6
305	417
381	18
290	206
319	12
327	420
294	70
342	222
383	106
382	229
326	15
