422
270	84
258	100
314	32
323	146
299	11
299	79
300	80
300	190
334	225
325	6
267	215
305	26
310	156
293	81
348	92
330	105
375	80
335	122
345	80
258	24
342	123
123	79
297	413
283	220
300	57
278	7
327	25
383	188
335	36
384	162
287	54
305	84
264	123
270	137
337	4
293	222
275	207
314	106
336	11
124	8
349	110
255	42
379	16
372	9
384	62
255	81
275	179
315	120
321	93
342	27
287	41
315	8
377	106
345	152
393	106
356	40
260	388
305	81
286	136
379	27
340	221
383	50
302	15
283	101
314	247
289	33
259	85
297	82
125	219
355	66
356	7
270	79
380	99
310	79
289	131
280	80
343	112
256	119
305	6
288	201
344	24
342	222
266	95
250	43
288	79
352	15
321	121
310	29
356	39
264	99
366	143
276	110
274	7
293	56
307	88
280	79
336	27
346	79
321	7
264	93
382	404
379	59
280	51
378	99
276	24
289	25
285	8
315	79
81	51
288	7
298	19
260	6
352	110
313	11
290	194
294	227
359	91
323	386
81	80
347	21
384	29
340	94
274	137
290	52
81	161
337	106
356	7
347	124
271	26
352	144
252	7
342	183
334	194
272	11
348	415
298	202
342	169
290	171
324	229
341	115
333	80
298	22
294	18
279	79
377	148
344	64
309	7
290	37
356	140
273	418
378	79
270	158
378	219
279	20
299	8
267	7
275	1
383	20
329	167
335	23
298	56
280	242
378	10
305	79
314	7
326	23
376	70
380	206
294	53
382	27
260	7
380	22
256	79
305	5
304	174
258	45
329	200
320	391
301	391
310	418
355	10
378	407
356	212
377	18
308	223
264	204
358	420
301	132
300	64
298	154
260	385
371	11
333	127
355	93
339	402
358	136
376	99
293	111
284	89
347	32
124	81
123	80
379	40
379	106
314	7
274	106
384	128
336	30
309	11
375	226
272	102
340	121
367	398
323	36
373	7
347	114
298	398
294	172
348	79
338	78
288	227
356	93
318	199
336	111
292	403
284	79
335	223
305	7
304	107
313	19
273	7
360	79
371	176
300	86
338	187
321	40
318	96
290	149
300	225
329	8
347	145
301	228
308	41
331	7
377	8
279	29
277	79
295	79
305	236
308	11
382	62
285	185
285	7
260	40
251	99
289	412
294	22
354	12
374	7
335	402
298	203
306	5
255	6
378	419
380	79
309	27
21	7
264	192
316	111
349	57
347	397
271	123
336	385
303	16
298	216
274	8
255	387
347	231
288	22
273	219
309	7
344	237
309	246
275	25
346	85
254	8
256	85
326	238
381	84
344	22
301	59
274	157
337	106
324	45
319	10
277	191
39	10
376	393
271	405
271	7
384	15
300	235
285	29
278	110
81	219
347	79
257	99
314	242
81	118
338	396
262	2
293	106
313	81
332	195
341	237
305	140
342	80
383	79
256	47
266	215
298	168
291	45
264	222
255	106
379	2
320	83
347	122
344	31
378	51
250	93
287	51
305	114
303	23
358	5
290	23
330	151
345	202
262	15
322	26
260	57
347	392
347	216
318	116
355	99
319	8
309	183
356	222
344	120
305	421
355	249
377	7
290	136
286	32
382	225
318	2
346	56
305	219
346	406
272	104
336	230
336	46
300	79
313	408
338	183
299	51
278	179
296	184
298	178
384	142
335	20
378	3
280	107
326	19
315	225
266	123
347	224
378	101
309	7
269	57
296	14
314	135
306	399
278	229
356	420
352	173
81	19
310	133
281	417
313	416
272	71
326	7
264	18
256	191
299	131
333	193
327	83
384	194
347	93
347	80
337	226
384	122
298	79
337	15
370	6
275	79
383	17
305	34
350	127
324	131
341	23
347	16
331	217
317	19
348	37
266	131
276	79
346	93
352	7
273	11
378	388
320	18
375	32
381	411
250	25
310	229
337	5
342	79
79	211
376	182
347	104
265	223
309	139
346	159
337	7
319	11
337	180
377	96
341	42
347	153
234	9
355	214
270	127
379	7
352	7
292	10
276	51
272	393
289	391
309	35
274	137
81	98
266	80
382	131
279	7
300	25
346	15
266	395
356	205
377	13
278	15
341	8
334	79
311	403
356	165
264	5
335	180
351	23
305	9
286	117
384	81
324	67
345	184
345	7
276	80
342	26
304	57
287	166
305	14
357	6
304	106
258	239
270	36
380	53
272	2
346	5
349	170
275	175
311	111
272	106
381	17
290	389
384	90
379	391
288	231
351	197
293	80
342	79
377	104
293	7
382	166
260	222
21	150
327	126
310	113
287	27
338	81
345	241
325	85
289	52
351	221
383	93
341	218
269	163
383	25
355	99
281	136
348	141
295	136
309	8
325	74
355	198
375	129
349	401
342	29
256	127
340	15
308	422
305	8
288	137
255	19
279	394
298	102
265	12
375	25
356	146
277	240
382	79
323	393
356	84
310	45
379	7
300	106
304	110
340	7
290	7
335	14
305	101
355	245
356	79
299	186
378	57
333	34
339	61
258	79
349	19
332	389
296	15
279	79
297	209
380	421
341	248
341	84
277	164
300	52
328	394
278	179
309	147
301	385
342	111
362	81
349	210
286	93
351	79
355	7
276	163
253	16
275	51
342	102
260	79
276	219
352	51
371	122
285	8
124	24
287	106
347	51
352	79
291	110
382	123
266	16
271	183
349	8
340	7
335	229
374	122
339	52
337	80
267	53
273	55
347	32
275	100
339	8
258	244
307	407
336	106
337	79
286	17
351	160
295	130
290	208
378	57
374	19
272	76
256	111
324	14
383	5
302	25
334	415
347	63
125	393
293	229
381	106
296	196
305	127
383	385
305	225
311	65
338	414
326	222
350	53
296	114
294	408
270	243
324	8
278	228
332	79
347	405
300	2
384	44
297	41
333	219
311	31
349	191
313	28
305	120
307	95
335	31
338	405
310	85
250	193
322	120
304	8
312	204
343	385
341	38
290	7
275	56
335	220
299	227
266	385
344	30
313	7
290	221
267	222
286	41
290	411
374	56
347	109
361	14
314	122
282	128
336	117
278	75
347	14
353	400
288	7
342	131
377	136
364	177
334	411
298	49
371	134
332	79
278	15
337	119
377	13
381	409
334	16
348	16
263	93
355	79
279	393
298	58
327	83
363	22
356	220
355	17
273	7
298	122
306	10
355	138
349	20
348	48
345	79
294	390
347	93
293	18
355	227
318	58
301	99
334	230
310	7
347	409
375	79
345	69
277	45
356	81
334	11
284	393
377	138
300	155
358	219
341	60
307	391
337	225
81	404
304	14
336	56
325	34
353	7
347	203
309	79
315	223
336	227
261	189
255	84
289	136
267	241
123	162
351	108
314	7
268	410
310	79
365	221
260	28
352	16
355	29
315	232
356	48
274	100
335	95
379	403
347	391
338	213
300	7
346	181
272	97
345	25
256	219
335	2
369	34
299	220
297	7
382	6
375	10
355	233
374	96
310	103
279	239
310	16
279	79
340	385
266	12
294	161
338	116
281	143
270	34
293	8
346	237
315	138
379	72
310	105
346	26
346	223
289	77
275	195
300	93
355	196
374	395
352	155
357	79
337	14
309	35
286	229
123	44
341	143
304	10
322	96
276	206
278	8
336	79
346	123
341	234
314	73
377	68
266	113
335	4
338	134
314	19
301	391
308	22
382	27
337	79
368	157
342	99
124	53
305	87
298	20
309	21
314	79
