422
286	71
349	84
267	202
354	44
277	57
271	63
301	242
378	204
276	116
339	131
309	191
372	14
250	29
355	405
279	84
384	393
307	403
384	85
267	194
294	7
338	127
256	403
346	175
266	120
290	203
334	7
347	51
350	43
347	56
287	408
306	80
340	15
341	227
322	7
314	26
336	406
288	93
377	2
267	7
264	147
331	14
305	27
377	79
356	79
382	110
293	10
378	219
338	106
333	162
345	231
353	413
341	243
275	385
305	93
335	206
377	32
270	57
274	174
273	16
355	79
293	237
255	35
380	79
317	163
329	160
347	79
358	136
300	83
375	8
290	171
307	137
288	207
124	222
376	249
280	219
344	102
345	8
295	41
346	19
271	81
234	15
379	220
300	80
326	16
310	8
289	120
280	137
347	414
266	79
307	7
335	139
309	54
355	99
300	107
302	80
279	85
305	23
329	28
320	80
279	87
347	149
353	248
310	222
348	16
272	59
266	146
324	5
304	159
305	96
335	81
355	221
358	27
347	64
349	396
284	45
341	164
260	138
378	27
335	16
299	12
325	79
274	183
306	219
271	80
384	184
285	7
314	53
342	391
316	115
338	10
81	225
297	53
381	114
255	394
255	95
336	172
342	130
322	41
277	7
381	5
346	15
310	11
352	393
300	20
345	106
257	154
315	79
337	58
287	27
377	405
311	84
321	112
309	8
273	3
305	220
305	33
337	7
314	179
314	177
335	79
375	99
258	32
305	229
342	169
356	19
335	136
327	29
324	106
123	22
339	32
346	93
277	31
298	233
327	15
310	157
283	167
310	45
305	24
281	137
351	224
346	403
356	111
280	8
298	50
264	5
384	195
368	28
275	52
81	89
250	23
303	79
256	7
345	140
335	7
293	95
356	57
336	122
355	79
320	37
310	81
309	393
259	99
309	99
331	404
255	219
310	7
375	11
81	55
321	7
332	100
351	7
351	96
347	12
347	18
309	223
337	410
278	22
256	79
301	76
319	23
342	388
298	19
278	11
355	191
355	51
346	100
292	46
382	222
348	110
256	200
305	93
265	29
274	17
278	134
363	123
347	196
308	22
341	40
272	409
21	391
260	420
337	22
288	393
335	138
300	127
265	393
268	118
344	127
376	81
347	23
339	106
311	24
338	409
273	113
336	72
290	18
310	215
286	7
286	7
298	102
255	34
305	22
81	57
326	104
384	17
287	10
333	30
273	131
298	161
329	10
123	60
344	183
285	25
252	110
280	193
278	204
340	152
345	155
378	165
349	7
345	41
274	247
359	122
275	19
336	15
266	242
348	223
382	148
281	102
315	8
343	53
293	202
344	230
296	79
356	13
325	216
285	178
351	222
347	15
377	219
315	407
308	93
313	225
279	29
293	22
342	225
319	40
125	415
304	7
384	193
274	9
380	179
260	79
377	62
346	136
336	203
81	385
347	83
318	136
384	35
272	47
253	9
337	81
285	143
374	88
258	25
337	7
345	231
377	412
337	45
310	1
328	93
305	10
333	7
376	150
360	59
347	7
377	51
298	79
271	73
325	25
299	45
260	239
310	29
352	156
379	31
125	32
297	15
378	14
332	7
380	56
320	70
290	23
361	103
383	419
346	225
382	80
314	7
334	26
371	96
313	17
326	229
369	128
340	5
275	101
271	51
300	20
309	8
299	80
325	192
288	79
375	7
313	74
299	5
289	7
272	105
302	223
347	401
286	119
378	158
290	227
342	79
378	7
264	227
356	166
258	176
337	402
341	7
276	116
340	79
304	11
284	56
260	19
352	142
308	129
338	7
313	385
309	197
379	146
356	16
352	188
341	400
348	16
301	29
351	238
301	108
337	407
356	229
345	228
311	214
338	408
378	40
321	109
337	217
79	106
304	95
296	157
300	93
305	221
323	194
283	168
366	6
330	16
348	111
277	36
267	19
270	85
365	222
274	386
314	27
345	19
355	79
304	421
342	7
300	123
300	391
256	2
304	183
355	106
383	8
379	80
251	99
294	84
356	226
266	213
355	135
347	121
315	391
309	390
337	79
335	105
313	67
279	106
379	39
288	7
324	49
346	162
352	83
340	51
286	185
287	79
334	53
295	126
326	121
264	143
275	79
327	229
276	106
324	79
382	397
318	7
347	2
264	34
262	51
338	385
344	10
289	25
260	385
275	133
314	124
266	8
290	53
374	8
349	9
383	180
287	418
382	7
381	405
337	82
298	7
305	23
344	51
347	52
294	144
348	131
270	8
374	101
356	11
294	111
305	85
379	220
289	239
256	78
264	69
342	104
383	173
335	8
298	65
298	392
318	100
342	11
258	411
313	385
355	134
279	18
332	6
356	16
266	26
371	52
347	7
311	237
267	120
123	10
256	51
39	15
274	79
300	7
344	25
266	79
335	106
342	394
287	93
298	230
347	237
296	96
309	14
290	90
81	389
337	58
255	79
357	399
349	228
291	6
332	18
310	14
124	145
356	388
299	99
123	81
370	220
270	84
261	182
299	5
298	107
258	7
379	189
314	155
349	56
337	137
382	2
347	68
290	84
349	79
290	398
364	91
301	411
293	163
279	106
377	42
299	19
275	123
255	7
296	2
278	8
384	113
294	56
314	391
298	98
307	119
289	25
282	80
273	7
382	64
289	41
356	8
305	45
339	136
288	34
334	99
272	232
346	143
306	30
254	223
324	127
341	17
377	225
310	395
323	179
269	7
308	131
336	7
373	241
290	110
305	51
280	218
340	415
286	48
379	12
378	79
301	37
278	216
264	117
272	15
313	187
305	79
266	62
298	235
309	10
314	184
305	7
379	194
298	132
270	221
321	79
351	131
333	56
309	79
378	7
379	170
290	7
356	229
340	81
347	79
371	227
355	234
375	66
355	5
290	8
347	79
323	246
356	131
350	32
293	26
300	127
288	161
342	114
343	80
341	8
273	128
378	57
380	19
341	79
263	122
355	222
298	7
378	120
336	14
342	123
272	391
377	11
310	93
289	211
288	86
315	206
304	191
330	114
272	8
336	79
355	123
294	209
336	79
270	99
276	15
278	77
347	94
352	411
333	52
279	122
289	21
286	7
294	81
380	226
278	101
338	93
250	92
293	79
81	27
383	25
315	81
279	240
124	93
276	7
305	141
381	31
352	48
382	166
297	205
312	219
380	387
291	79
276	61
314	229
375	195
260	122
270	79
358	180
300	190
305	79
379	13
377	196
348	104
383	393
376	398
300	11
347	236
290	18
278	151
384	106
358	110
304	222
293	201
393	36
297	44
319	6
310	223
309	241
281	227
347	14
260	80
295	79
346	42
305	8
336	198
258	140
347	38
276	110
270	420
256	208
342	138
383	20
294	75
301	106
323	22
272	4
355	79
341	111
303	80
275	20
260	395
352	136
300	212
349	4
324	122
341	14
338	21
384	199
299	122
276	111
269	99
124	16
347	80
374	6
327	183
21	79
308	26
298	93
297	11
334	221
278	181
382	402
266	106
341	219
352	404
381	36
384	57
264	136
300	79
293	11
383	106
275	225
356	215
375	219
326	79
336	385
334	153
296	186
318	79
374	117
334	2
383	244
346	6
284	8
275	422
346	219
362	6
335	99
318	20
374	85
292	24
262	421
338	245
355	25
352	417
285	106
315	418
335	57
349	34
250	210
342	25
81	389
367	123
322	391
277	34
371	416
356	24
357	97
309	79
334	111
314	27
335	40
