422
279	225
286	70
346	172
344	116
336	100
338	14
274	226
264	80
312	394
276	418
266	393
298	214
358	225
348	139
295	166
347	143
349	166
377	165
357	162
275	51
342	80
283	38
285	151
382	401
384	11
342	59
347	138
342	79
298	415
382	33
377	131
304	43
375	227
327	385
349	403
320	24
255	237
336	1
123	227
384	8
255	27
357	206
318	408
381	215
124	53
262	111
275	415
332	19
336	136
308	27
327	237
265	181
290	10
383	101
356	56
337	163
337	230
309	7
383	120
297	16
300	138
382	106
285	22
293	29
347	93
352	15
344	219
310	244
346	10
373	19
285	30
307	389
346	20
276	388
347	27
361	62
300	79
264	96
287	23
297	90
258	7
345	106
308	7
383	106
298	149
338	176
351	7
378	2
300	385
376	182
375	191
378	2
372	15
351	20
281	222
301	110
336	84
308	122
347	216
294	110
304	106
349	171
336	218
303	123
260	410
270	154
336	79
335	180
278	99
380	79
289	79
347	79
269	226
293	30
310	35
269	212
350	194
338	11
293	48
379	123
315	79
346	44
335	127
253	8
279	198
333	2
288	34
377	105
355	93
355	22
321	26
382	93
286	41
234	28
260	56
280	5
260	131
275	392
305	15
371	398
313	240
309	16
305	96
356	7
339	229
264	54
384	391
343	143
315	107
360	79
351	102
336	25
288	133
347	8
284	22
279	10
313	18
384	27
258	2
384	183
334	84
262	7
299	32
337	229
348	6
256	18
279	14
307	106
378	41
337	27
355	59
315	421
305	40
352	114
278	184
352	16
342	53
359	111
81	106
279	52
321	99
260	55
381	223
284	80
124	123
346	200
356	80
305	26
271	191
293	183
337	10
336	19
356	19
81	140
378	127
374	36
283	113
340	5
263	79
356	186
313	152
250	110
384	239
341	17
282	421
383	93
326	136
276	22
347	183
333	64
341	99
345	21
367	131
377	236
375	193
393	27
125	80
299	28
356	56
266	137
382	413
336	119
342	16
355	80
334	7
124	406
371	6
275	32
305	112
379	114
334	225
301	46
277	14
301	419
384	136
350	233
278	11
315	136
324	5
21	115
277	15
276	7
318	79
326	34
329	53
332	79
295	134
315	79
379	202
383	7
336	18
305	131
319	52
294	99
353	3
298	51
329	411
356	29
123	7
278	102
299	51
287	27
300	391
290	105
381	84
305	391
349	420
358	163
21	11
341	175
313	83
352	56
299	85
339	95
374	57
294	51
272	37
273	229
337	123
305	219
255	203
289	385
347	79
347	111
294	222
290	79
281	22
340	222
327	31
341	136
254	241
288	120
310	403
279	2
311	85
347	210
290	79
306	80
305	119
376	82
384	228
123	40
383	14
379	204
272	6
324	14
342	6
305	79
278	83
352	248
345	8
347	136
327	397
252	5
300	205
297	15
305	388
365	20
382	80
301	402
265	203
383	80
276	24
305	161
250	104
309	79
274	7
337	92
356	41
310	238
370	80
338	117
81	15
318	140
340	6
347	36
309	18
337	17
377	51
346	225
346	95
264	220
374	23
347	79
379	111
347	34
319	235
340	108
355	14
305	24
286	109
264	113
329	387
291	7
275	158
341	246
379	65
300	8
346	25
310	13
339	4
310	52
305	395
346	245
379	131
257	79
258	8
123	407
377	411
346	219
355	131
293	155
355	159
289	229
381	395
290	7
289	9
380	122
261	207
356	15
293	7
81	211
346	68
337	45
351	81
347	31
337	142
310	75
320	222
375	164
299	7
335	223
287	7
256	391
335	117
271	10
324	147
260	60
278	32
339	14
273	153
338	127
337	194
310	7
298	104
382	84
356	96
340	414
266	29
371	391
290	29
333	85
334	222
323	106
280	217
384	124
335	45
377	137
338	66
335	34
270	7
321	128
311	146
342	7
293	56
325	223
299	400
305	407
384	7
305	416
313	7
293	42
377	62
81	79
294	86
313	80
272	225
366	19
300	215
304	123
326	219
378	85
310	169
289	225
347	29
278	58
383	26
314	417
292	51
346	206
275	79
334	219
332	122
275	79
271	8
124	7
383	34
289	110
355	106
377	99
260	81
331	422
323	202
298	403
302	45
313	81
259	81
333	224
384	162
362	72
300	219
258	148
305	15
356	57
273	15
39	229
296	201
258	122
256	144
270	7
298	5
276	11
374	26
352	6
266	249
298	231
364	193
330	16
300	7
286	16
309	122
299	157
309	45
358	52
290	8
314	7
292	221
310	64
326	190
316	110
335	79
277	120
300	7
290	57
358	79
348	7
322	222
297	150
356	230
274	195
382	79
375	25
264	234
351	51
288	23
301	219
340	386
286	167
287	393
264	409
272	390
356	136
315	31
355	83
301	25
310	111
330	32
356	232
347	8
369	227
341	155
298	7
250	126
278	11
352	242
349	50
288	7
334	123
291	385
335	99
351	77
272	199
355	137
297	87
343	221
288	160
306	93
377	220
296	81
256	7
342	79
342	185
304	40
280	101
341	42
301	51
349	7
340	223
289	8
290	221
275	79
352	121
266	11
348	132
270	122
286	168
380	74
375	79
379	179
270	128
256	17
295	106
374	79
309	221
379	10
279	98
273	95
382	96
298	228
287	385
276	93
290	110
380	222
335	129
356	10
260	79
347	7
305	197
344	204
298	102
288	8
317	146
250	13
323	227
342	122
267	404
285	402
321	220
326	81
355	12
309	192
355	53
296	25
336	8
256	196
332	35
309	157
266	73
286	219
347	6
81	8
311	58
278	106
334	16
323	219
284	94
376	170
274	8
272	79
322	191
356	22
256	71
267	247
345	241
314	79
310	405
347	11
279	120
279	114
281	79
260	19
290	161
309	21
293	418
319	106
342	7
288	79
318	99
298	237
331	56
314	393
270	104
341	216
341	213
378	103
298	23
272	25
309	12
266	187
255	239
380	81
355	16
294	7
275	99
258	5
309	88
314	84
308	93
304	40
345	44
334	23
355	111
294	79
290	61
267	22
266	12
324	396
342	184
352	420
306	79
285	183
337	137
347	79
380	118
320	242
335	231
378	53
378	41
349	69
356	81
304	67
337	18
348	91
298	116
344	8
378	89
81	7
307	5
81	393
277	411
266	141
348	79
271	134
352	37
276	19
314	99
305	25
378	138
267	389
349	9
344	391
355	196
251	7
348	194
280	48
255	188
268	393
277	79
338	121
341	220
315	393
342	227
377	17
304	25
298	178
347	143
335	412
345	179
274	408
322	93
300	23
363	79
278	145
260	10
347	93
255	57
336	7
345	19
314	24
314	7
314	2
267	398
294	20
318	391
325	243
347	101
347	85
302	179
328	106
341	79
125	180
353	174
346	223
374	399
324	156
338	8
272	8
300	208
309	173
378	99
271	29
324	405
376	106
307	93
379	7
338	4
310	11
335	8
314	76
325	79
355	100
275	57
345	78
310	26
342	106
368	8
289	11
309	127
344	79
371	57
341	100
303	79
335	79
379	107
299	409
274	84
272	130
300	93
300	229
347	135
79	93
325	7
305	7
378	63
349	19
296	15
338	7
298	127
256	177
280	97
311	14
345	80
377	57
255	7
335	49
354	25
333	209
293	195
375	79
382	385
305	7
274	16
314	39
308	7
304	189
344	45
270	394
300	32
266	404
287	47
270	79
273	81
337	405
290	106
296	36
381	9
314	51
273	80
264	385
355	20
