422
347	7
286	160
381	89
314	232
350	80
268	79
279	136
304	411
336	223
275	178
310	53
289	7
255	137
346	79
339	5
356	99
346	34
346	25
253	56
348	122
278	23
352	176
294	183
298	139
274	9
250	79
270	123
266	60
311	237
355	207
344	12
21	21
337	37
356	36
272	164
384	385
288	48
367	11
261	61
294	114
378	51
300	80
310	391
256	79
342	157
272	26
349	27
340	14
336	405
341	26
335	80
290	79
379	114
347	226
342	85
274	214
327	15
310	112
258	119
323	385
305	79
378	131
266	388
310	7
345	102
335	26
290	54
337	10
323	394
344	247
307	182
260	117
335	140
356	107
356	16
335	171
309	7
356	8
339	221
341	196
290	19
298	109
347	122
291	393
266	25
379	198
346	193
336	391
378	405
334	14
355	27
340	8
272	19
320	7
290	219
342	223
277	7
376	386
314	188
354	223
337	169
269	405
123	22
292	87
371	183
355	134
302	51
357	119
270	32
279	111
322	120
308	13
301	204
293	403
377	44
347	31
310	393
377	79
326	194
293	79
273	7
382	225
382	228
280	10
317	23
338	6
123	99
310	213
335	98
382	79
255	190
298	403
319	80
384	393
347	110
346	223
341	79
309	52
289	64
298	166
346	80
314	8
285	122
125	231
256	15
352	19
262	84
275	239
383	202
334	81
348	44
269	391
384	127
299	16
310	150
293	105
293	40
355	110
266	93
288	146
307	217
321	34
124	32
278	80
356	84
256	229
306	95
305	79
274	9
292	29
298	400
305	79
323	410
270	227
336	7
310	411
260	7
299	210
347	219
275	17
334	7
266	29
330	122
79	79
327	23
260	86
355	244
381	415
371	50
81	7
363	136
296	93
342	7
344	221
290	100
377	133
305	79
342	7
258	131
324	8
270	227
347	35
314	225
286	94
347	120
301	79
342	51
314	32
366	22
377	248
355	102
347	215
337	17
272	156
300	80
341	79
347	15
379	417
352	129
124	80
353	29
276	108
305	7
284	159
286	242
347	399
340	10
293	155
384	85
258	173
320	83
314	8
379	404
313	393
377	165
124	128
279	71
371	77
329	79
378	57
376	391
325	27
337	99
254	51
309	220
349	15
124	57
359	19
300	16
345	395
286	235
234	106
305	17
355	7
260	409
309	27
343	216
352	15
352	83
347	230
297	8
277	51
355	35
371	99
343	106
299	225
341	222
313	11
356	84
342	183
267	21
271	206
360	29
300	84
305	138
305	227
378	93
338	52
252	7
346	16
281	419
384	53
264	76
336	34
347	155
355	8
289	128
298	113
264	7
379	41
298	148
305	186
321	91
380	421
298	385
342	7
333	22
378	48
290	41
260	7
300	111
378	66
286	135
285	401
348	168
347	124
349	20
335	20
314	194
259	72
295	122
310	93
285	56
81	42
309	407
352	33
382	385
305	151
369	195
382	404
381	11
301	11
311	116
348	184
341	7
258	4
286	101
335	163
381	111
277	396
365	8
309	6
379	137
293	100
260	59
287	231
380	113
309	391
381	20
383	47
320	7
298	199
315	7
300	177
323	215
322	222
340	79
383	79
351	79
352	398
355	93
331	18
307	31
347	41
296	195
300	25
270	203
290	118
266	234
335	179
284	145
278	106
345	81
298	10
271	237
266	6
351	45
309	106
349	122
307	212
306	144
309	233
280	19
300	230
279	7
250	29
288	238
379	8
345	12
377	29
378	221
393	95
255	56
279	79
314	191
260	81
278	53
382	16
336	225
300	7
288	6
250	19
272	97
256	110
300	23
342	219
300	138
285	174
334	14
39	15
328	162
260	81
294	192
325	79
300	24
340	15
337	93
378	397
270	38
298	7
277	189
289	202
301	157
272	26
377	127
305	413
270	120
275	163
347	7
324	420
376	7
332	88
334	205
345	105
288	117
374	110
309	403
264	11
81	25
378	388
358	15
314	147
274	79
318	236
351	134
377	390
283	51
271	80
347	79
347	85
347	185
280	106
353	79
384	11
380	80
319	79
335	20
315	240
299	7
355	57
310	387
338	19
375	53
264	166
305	99
296	79
326	229
345	12
297	222
256	131
321	10
315	93
265	6
375	208
305	7
280	93
299	57
279	2
321	57
376	20
358	229
301	79
379	170
287	93
352	197
382	206
275	7
340	3
375	136
346	111
346	422
305	7
325	183
379	15
263	56
356	8
332	385
380	101
123	146
356	79
337	237
342	131
319	57
265	24
81	99
294	249
305	110
338	219
326	84
310	106
352	227
304	64
349	11
258	209
21	40
303	7
349	58
294	99
267	402
264	25
276	25
344	51
273	225
304	219
352	17
355	30
372	11
274	211
337	228
255	123
342	23
278	5
310	7
266	10
338	8
304	79
267	7
341	96
315	142
290	104
375	5
81	7
356	220
275	16
374	11
299	194
339	229
297	414
374	394
289	34
273	110
374	18
333	106
377	385
341	79
327	9
341	13
324	7
290	239
342	7
374	81
295	79
278	200
373	5
279	83
309	93
304	143
266	32
290	220
293	32
383	11
341	80
287	407
281	187
304	167
275	14
276	14
351	391
313	14
358	79
303	96
336	79
256	408
293	7
297	46
324	219
348	45
300	227
384	15
383	24
309	181
324	115
318	25
347	1
382	2
334	385
81	104
311	229
282	127
346	16
335	222
332	204
313	23
356	179
370	136
313	136
306	80
333	121
384	127
256	79
81	418
308	143
316	79
315	45
336	392
257	196
123	106
335	180
294	93
309	16
297	7
347	8
308	6
330	111
301	107
260	7
335	226
339	79
294	220
287	95
294	90
278	79
305	81
350	106
344	14
377	149
364	161
333	2
351	154
250	19
356	6
345	219
355	2
296	85
271	57
286	96
338	137
336	191
276	22
255	203
338	8
318	123
337	393
310	14
326	127
383	25
278	68
334	138
355	42
314	161
276	116
314	73
347	162
287	141
344	79
325	36
329	81
308	398
279	96
338	136
299	5
347	22
278	120
344	28
326	114
305	93
311	106
291	84
273	45
335	8
289	131
337	123
255	79
300	99
283	19
276	49
337	5
314	74
340	101
338	121
315	79
356	7
289	106
337	242
351	2
380	102
382	56
349	69
378	179
279	10
358	245
345	31
349	180
280	153
125	24
270	63
356	104
288	22
336	402
333	53
287	106
384	55
384	106
271	2
256	243
285	409
298	130
324	219
377	193
378	222
275	415
338	222
318	41
309	79
299	132
334	81
375	143
347	216
346	7
305	10
335	4
356	123
379	79
355	18
383	126
258	75
375	106
267	62
355	92
278	78
290	175
329	51
273	8
342	246
327	103
300	8
348	184
362	52
276	26
322	85
313	79
293	122
383	140
341	411
276	224
295	27
337	391
304	241
275	406
384	123
289	389
332	408
288	131
341	137
255	395
337	218
313	136
274	81
262	100
355	25
374	27
346	99
346	80
356	172
336	158
357	7
274	79
356	43
288	152
298	36
302	191
272	18
290	8
264	82
264	37
266	241
305	8
375	39
361	51
281	222
345	416
296	59
348	223
331	7
81	28
380	58
383	418
298	65
349	111
290	30
273	225
336	79
264	201
315	99
267	27
284	22
310	79
379	421
318	221
272	18
304	7
277	5
305	40
301	67
293	40
298	62
347	412
308	229
312	8
368	52
382	56
305	106
342	16
272	420
347	219
251	45
377	389
347	393
275	34
298	70
