422
81	104
374	76
384	51
375	419
300	25
301	79
346	51
315	17
356	95
81	403
312	14
280	1
313	7
336	221
334	60
21	32
277	128
267	420
293	106
275	2
309	216
301	167
288	391
304	124
260	134
297	385
327	237
355	56
325	190
266	102
296	25
305	79
356	408
375	80
314	226
369	7
334	8
346	15
250	183
296	16
289	99
271	20
379	385
300	204
309	422
285	53
298	106
269	226
384	41
289	7
347	14
382	7
343	20
124	12
308	2
314	79
275	45
81	22
273	80
309	46
382	163
332	52
270	228
270	79
349	83
329	170
374	409
306	140
298	69
259	58
379	220
351	79
349	145
346	166
335	51
266	93
265	123
275	7
313	107
335	395
349	57
276	211
384	7
290	16
124	135
267	223
384	30
282	11
276	66
347	166
359	36
290	137
314	27
270	34
342	11
336	35
355	123
309	196
305	79
379	11
300	391
311	93
318	100
377	395
21	183
274	17
279	26
383	79
382	79
274	19
377	227
255	32
278	92
272	121
258	188
299	97
335	2
378	399
267	79
382	159
284	210
347	106
342	393
372	51
380	20
278	79
314	244
307	18
280	85
355	187
376	116
340	101
341	118
318	20
305	149
326	15
276	225
330	15
314	130
301	34
356	114
294	122
352	238
334	79
273	194
298	32
277	48
292	29
346	80
266	16
382	229
260	14
307	80
286	34
335	8
327	10
300	43
305	179
300	131
347	14
273	79
331	229
287	183
356	248
341	215
338	138
356	29
344	151
264	45
262	120
293	14
364	7
294	40
383	185
313	247
351	8
274	8
273	23
345	10
274	7
290	37
347	416
305	404
299	15
295	28
326	79
324	13
279	184
298	83
334	219
255	64
314	411
350	175
278	214
125	208
347	411
379	16
384	217
355	240
266	108
319	393
377	68
260	117
260	15
310	86
123	8
341	122
342	79
338	7
310	168
336	26
293	79
278	6
339	93
383	41
347	153
298	24
309	65
264	123
371	14
280	407
256	137
347	85
348	222
272	56
298	35
356	160
295	98
269	7
352	11
348	80
381	26
263	110
260	227
315	206
302	106
349	222
335	25
272	79
258	7
345	18
383	105
382	128
279	6
279	418
295	22
278	59
333	8
323	171
278	164
286	212
286	129
276	10
308	89
348	84
297	8
384	7
270	116
345	85
393	45
284	119
271	7
383	413
293	189
380	5
384	21
341	137
260	207
270	144
288	143
277	7
333	93
274	418
294	57
348	81
328	200
258	16
376	7
278	177
294	202
338	79
266	101
276	106
349	405
294	403
336	56
298	194
305	229
336	57
271	38
384	106
293	47
293	79
355	7
381	191
314	221
346	138
81	7
338	220
255	405
303	385
256	19
290	136
256	29
324	225
298	79
365	16
304	402
279	84
349	7
264	11
272	7
298	133
347	222
356	24
337	85
317	181
256	227
338	61
356	32
309	56
346	117
333	77
290	220
298	122
337	9
290	110
301	230
305	27
366	93
335	122
280	7
334	93
275	107
356	79
378	228
376	192
352	110
344	71
275	219
275	37
255	31
294	4
315	249
352	120
347	205
347	213
340	225
345	142
286	234
276	5
311	146
279	79
336	10
335	114
355	109
289	18
337	179
271	81
272	7
379	21
270	154
362	27
289	147
124	48
356	127
377	243
347	391
323	79
337	19
381	34
381	8
309	219
337	7
380	15
379	94
303	106
305	182
345	7
322	64
264	27
377	115
310	231
347	53
342	25
289	198
377	45
346	7
351	79
306	74
296	229
342	24
290	25
346	100
277	111
352	191
305	7
302	6
300	394
284	79
293	245
380	79
358	173
310	389
270	93
300	7
310	106
350	388
291	179
264	408
305	202
267	123
311	184
330	10
266	110
383	242
333	148
336	54
304	20
260	220
340	136
300	162
297	79
357	56
349	122
344	79
283	8
337	52
339	385
314	9
342	29
346	79
310	79
319	152
294	93
349	99
267	79
123	110
353	7
298	110
332	242
357	36
340	123
286	393
341	222
280	99
335	70
379	23
309	15
355	229
250	100
321	178
337	221
319	80
358	32
315	34
304	79
356	19
281	209
347	6
278	102
301	236
258	63
337	222
373	401
305	421
318	223
288	7
300	26
311	80
297	51
290	219
275	131
335	201
347	79
349	141
290	111
316	72
375	81
299	143
332	7
340	81
266	183
382	80
293	67
123	136
276	99
81	17
320	411
345	45
355	396
299	7
314	206
300	84
384	123
360	7
338	113
378	174
341	12
341	73
310	105
334	389
272	42
255	85
264	157
341	79
81	95
308	80
265	96
378	204
339	57
275	111
355	120
293	7
337	7
340	131
313	81
318	11
271	75
332	195
377	17
327	7
309	96
315	195
355	79
314	158
347	79
338	216
342	196
308	79
370	150
347	84
294	15
258	96
326	106
338	8
341	126
256	5
347	111
322	119
355	88
383	127
375	223
288	51
377	87
352	5
300	22
272	8
296	81
276	186
382	99
290	11
313	405
345	2
352	197
81	84
289	221
377	5
377	227
287	95
288	3
375	143
342	157
338	51
279	233
335	39
313	50
301	227
307	199
266	93
266	22
348	79
298	225
337	229
331	215
298	10
305	23
318	62
250	391
297	106
378	8
299	5
258	31
336	40
339	93
124	33
251	417
252	131
257	222
374	7
256	41
378	241
380	11
375	27
325	90
379	392
289	420
342	114
79	8
285	28
279	2
305	219
380	18
309	7
283	10
356	84
368	410
326	225
305	79
352	223
288	27
374	93
315	80
347	385
278	203
346	7
314	156
375	219
335	25
356	11
384	139
347	191
355	219
382	57
300	29
310	26
358	10
324	83
261	219
340	22
286	53
256	8
270	225
320	5
337	132
351	56
289	41
342	9
336	44
277	407
323	57
346	24
377	237
347	6
310	140
305	44
329	7
310	19
355	80
272	40
322	79
125	52
308	25
356	42
313	111
347	394
256	106
281	403
334	172
327	398
266	99
287	99
304	390
309	23
309	31
361	131
273	14
39	106
351	7
378	241
254	99
325	222
274	161
348	194
290	393
285	79
287	7
287	134
292	79
342	8
299	25
374	16
314	136
279	40
379	57
341	19
296	55
325	193
310	7
356	412
355	99
275	121
291	12
268	165
342	231
250	113
378	15
379	232
301	19
344	406
336	162
363	122
338	51
264	7
321	193
342	81
300	239
337	16
343	22
288	138
335	99
293	106
356	104
272	8
281	18
378	62
329	79
310	78
305	8
287	27
376	415
288	203
305	93
352	79
346	180
326	102
315	80
300	400
378	136
355	53
374	397
381	161
341	127
321	19
286	104
305	53
354	391
290	7
335	81
355	155
342	120
347	15
321	404
352	79
274	391
336	219
347	49
264	52
378	23
123	23
299	25
324	79
344	421
345	409
347	101
260	80
260	58
333	6
353	127
81	414
298	30
255	176
337	223
384	2
351	155
305	91
278	112
379	22
298	393
299	146
367	398
253	11
285	29
344	131
234	393
255	136
310	415
378	235
371	387
335	4
309	106
275	8
304	103
307	59
346	239
383	8
382	246
355	79
304	16
383	385
347	51
262	82
324	96
341	7
285	111
298	169
304	180
310	106
324	391
309	79
273	385
336	136
356	402
337	388
334	237
347	163
323	224
320	36
358	13
306	14
348	127
377	122
290	230
371	19
345	386
305	6
344	7
371	137
300	81
305	218
