422
323	127
298	25
347	83
341	142
289	219
289	57
285	54
346	96
339	111
260	11
326	231
310	14
349	7
348	25
343	109
356	156
259	408
323	61
315	393
298	79
355	3
296	80
332	15
266	79
346	93
304	240
272	246
286	385
300	7
290	401
355	403
289	385
255	26
356	5
342	89
356	99
273	131
347	10
290	25
341	204
315	9
338	84
356	402
81	180
380	25
378	206
257	406
301	49
320	229
347	242
340	408
316	122
271	10
345	95
270	4
347	45
256	17
289	221
355	7
307	64
344	79
356	27
291	7
299	8
352	227
306	79
344	221
287	27
270	191
276	222
262	146
258	392
276	244
336	80
309	389
345	405
309	85
377	391
290	103
276	133
309	47
384	93
293	7
310	184
252	107
299	93
265	137
292	57
300	202
293	405
305	120
375	81
289	187
289	8
260	7
258	19
355	134
267	123
356	58
381	79
124	20
382	223
294	239
371	184
305	208
330	168
380	203
274	136
256	418
351	80
336	22
296	7
377	106
321	16
280	7
255	127
335	51
377	56
267	57
309	62
376	5
314	59
351	403
363	99
376	153
351	199
341	230
305	398
366	385
298	7
313	391
347	8
294	84
299	195
353	140
284	417
380	28
81	222
374	228
296	7
357	166
347	399
335	8
347	42
348	99
275	80
338	51
358	69
309	188
381	79
379	420
318	27
339	183
124	81
256	79
310	225
299	179
290	247
348	106
352	22
300	5
274	7
381	99
378	215
310	140
341	22
286	2
271	79
347	226
255	147
287	79
342	8
346	107
345	224
377	65
352	385
309	248
279	7
298	219
310	21
279	409
324	126
383	128
351	23
377	7
335	6
321	80
300	99
349	393
319	7
315	141
278	219
286	8
314	209
347	79
308	219
384	23
286	136
287	7
352	163
346	7
280	9
300	19
340	53
347	121
344	162
306	80
273	24
334	45
342	44
125	225
284	79
337	11
301	8
337	40
336	36
276	17
342	404
256	119
278	186
329	84
338	15
266	129
347	104
280	402
344	10
319	395
347	183
278	32
383	11
272	127
331	7
270	7
288	227
290	26
356	124
123	123
274	81
275	13
260	173
377	152
378	227
349	415
264	420
297	14
264	120
340	242
346	7
298	110
381	111
290	97
341	396
311	7
314	385
309	11
337	2
337	137
347	17
275	385
267	19
327	11
272	418
300	148
275	157
352	18
278	8
264	220
278	71
355	51
305	196
382	122
378	7
278	21
346	14
340	171
305	99
279	176
123	7
381	23
380	36
323	29
293	34
81	174
279	70
305	18
355	79
296	149
293	122
313	388
384	79
290	111
375	128
256	79
356	93
277	64
277	102
355	56
347	29
377	28
383	86
382	77
260	10
290	136
342	56
272	123
356	79
279	57
302	7
371	79
285	31
304	234
304	388
383	18
267	44
305	111
318	96
352	79
335	422
278	79
289	185
299	158
271	79
355	99
350	27
384	6
345	16
301	24
311	386
333	7
286	25
297	83
261	7
342	19
374	131
294	85
253	138
293	16
382	241
266	96
258	29
346	157
327	236
384	45
356	79
298	25
374	43
271	138
358	131
384	93
380	55
275	164
301	56
295	57
338	110
344	15
324	80
334	411
334	400
367	412
305	415
355	15
355	26
345	11
281	79
382	143
287	114
334	195
280	93
275	16
323	79
346	213
320	143
324	84
360	193
346	8
21	391
346	239
276	22
378	34
341	80
296	42
342	397
298	118
288	201
314	106
320	51
334	7
310	119
314	155
335	219
298	37
300	123
340	32
347	7
377	22
335	391
361	154
318	60
375	14
273	222
305	5
335	218
375	38
356	12
382	5
270	229
337	106
337	194
310	106
336	6
379	223
371	225
285	79
272	206
309	93
342	93
300	19
326	79
336	2
342	22
292	72
293	57
348	393
347	82
342	161
300	53
298	99
338	24
288	223
342	2
382	106
341	84
339	14
314	390
277	222
347	144
380	192
376	32
336	404
347	93
81	40
379	385
275	29
347	73
307	11
301	411
335	407
347	122
317	237
305	79
393	407
337	23
322	136
272	106
342	222
301	219
344	74
21	114
124	106
308	37
298	123
270	45
305	41
358	85
383	106
255	393
300	150
341	106
354	204
337	93
258	220
325	200
258	79
342	78
374	237
335	115
294	100
377	137
264	30
308	110
295	121
358	6
278	79
294	387
81	7
310	8
81	143
324	413
314	161
338	137
315	51
379	167
79	106
370	120
274	104
369	79
355	182
339	79
319	23
81	410
311	180
260	31
298	27
359	135
352	216
297	394
365	243
376	11
297	216
283	405
329	8
266	178
382	134
270	95
333	8
332	13
300	81
276	229
294	34
379	11
279	127
125	20
333	227
377	20
278	170
274	393
310	79
349	225
329	10
262	76
384	393
384	220
273	68
267	81
345	225
250	241
310	66
306	93
314	99
315	31
272	79
297	163
313	104
356	229
330	2
334	191
298	235
312	225
278	29
383	229
277	116
309	26
318	398
293	63
383	414
336	183
347	411
255	122
379	159
287	48
336	36
304	51
338	62
311	15
313	53
290	219
334	15
39	46
335	99
362	391
345	67
299	136
282	81
275	391
298	79
382	57
331	94
280	136
268	122
260	15
335	79
325	112
377	41
313	231
310	198
336	10
281	215
335	32
314	7
321	40
378	222
287	131
355	110
314	8
324	10
341	16
307	7
310	5
379	7
264	79
337	101
326	14
294	79
337	101
356	189
347	232
349	7
293	7
310	80
374	7
302	51
368	202
379	50
285	18
355	233
256	34
276	7
234	95
308	237
324	15
305	79
304	389
383	114
348	101
378	419
347	19
378	403
326	131
375	25
355	56
309	111
124	127
290	7
299	80
250	30
269	23
352	214
260	14
308	245
313	98
273	194
310	22
337	41
314	8
298	45
298	8
346	11
251	409
378	51
303	81
281	39
356	56
307	191
276	120
277	2
288	79
328	105
258	219
336	26
266	131
285	177
322	88
313	52
375	193
326	91
349	113
379	227
325	96
309	16
250	122
347	1
255	113
273	394
279	106
260	220
288	7
304	87
351	111
305	106
266	106
299	51
348	166
81	179
337	79
304	93
347	79
341	132
337	81
336	211
384	16
271	41
364	183
305	229
291	12
379	81
256	7
377	210
264	7
300	219
303	79
288	7
309	230
371	222
346	8
356	24
272	223
300	52
289	84
309	100
378	79
284	79
286	12
315	7
279	205
275	53
272	395
375	52
379	17
288	29
321	79
332	102
250	79
322	7
335	35
256	7
286	181
351	90
372	179
255	145
374	34
357	117
342	238
327	155
266	228
294	25
333	40
305	196
269	249
309	18
340	221
346	20
265	391
298	35
290	138
318	19
301	116
378	4
341	59
274	79
335	106
264	421
382	108
327	15
288	32
295	6
383	172
290	8
290	9
347	165
336	6
279	19
274	169
333	226
300	7
349	123
378	105
355	85
356	421
349	160
314	110
337	139
353	194
263	52
305	20
254	79
338	136
304	75
338	190
348	5
260	53
305	80
264	416
305	27
344	33
350	15
123	100
266	92
345	110
293	217
266	175
355	223
355	197
384	8
283	117
347	212
305	27
340	19
332	16
275	48
373	8
270	80
305	14
343	16
338	221
325	58
315	6
341	130
270	162
123	79
300	203
356	102
334	7
345	151
293	207
384	146
352	83
266	85
305	10
352	25
349	80
