422
378	106
307	131
336	99
376	27
308	106
290	45
256	79
383	111
351	28
325	392
300	7
304	11
305	11
314	103
270	131
364	225
123	219
355	93
343	34
355	32
294	83
290	123
293	25
376	95
309	79
378	134
352	61
377	109
344	81
338	7
351	179
296	15
378	107
335	16
337	414
319	395
348	146
278	52
383	387
349	120
342	229
333	26
356	19
382	11
285	79
271	7
286	128
280	204
310	151
298	84
250	7
356	20
276	421
299	388
274	73
377	106
374	218
293	220
341	2
292	39
355	19
309	12
356	182
314	81
281	404
334	79
256	118
260	136
379	110
322	126
347	400
377	105
347	247
356	163
303	220
344	10
293	12
283	79
336	385
348	397
377	227
264	141
314	25
289	110
309	139
268	58
298	227
256	37
347	8
334	227
264	87
314	79
265	104
304	229
338	173
302	222
278	93
352	85
273	229
381	79
277	203
378	140
123	44
271	385
356	21
297	29
314	411
293	35
272	7
346	79
296	27
375	95
291	79
305	123
352	14
313	7
290	94
349	402
347	93
257	79
384	5
350	223
300	51
344	128
264	5
382	56
356	72
314	80
279	49
269	11
378	42
250	79
274	23
293	79
284	106
314	194
375	53
349	157
266	23
123	7
329	217
266	40
355	79
342	122
355	67
305	93
321	79
252	225
336	56
309	23
335	420
320	181
320	391
273	24
258	22
258	40
306	26
292	111
384	25
262	237
347	113
336	2
347	178
378	8
337	22
280	26
327	219
289	7
355	242
341	33
293	385
341	405
310	57
347	10
250	2
341	81
306	34
337	81
272	411
347	207
260	27
288	6
295	81
294	80
284	46
362	177
380	230
309	391
278	85
345	420
379	136
360	27
258	106
335	69
301	5
335	85
322	106
342	7
325	20
331	99
275	25
379	143
334	112
305	18
371	175
342	211
324	84
347	145
273	18
264	101
382	408
305	7
345	19
345	113
315	415
378	202
298	229
339	83
378	3
326	159
319	107
277	56
350	187
310	195
326	7
278	10
305	165
270	93
304	241
334	223
383	179
374	50
347	137
310	22
352	45
333	209
332	136
298	221
383	8
300	183
294	79
287	79
301	93
305	421
310	7
346	52
267	14
314	40
293	63
384	76
351	59
293	34
355	60
375	57
346	200
260	8
290	114
342	120
309	385
333	161
259	222
317	7
375	17
270	106
270	9
356	99
353	6
315	106
379	227
309	89
349	15
346	79
276	183
294	15
377	65
335	32
300	17
290	45
335	41
342	23
294	150
79	183
255	147
339	88
285	70
382	404
380	219
309	193
287	244
278	228
124	99
301	216
275	24
285	184
261	222
256	79
341	155
264	123
336	399
299	57
303	239
380	68
260	183
253	188
274	99
81	84
274	221
288	26
345	44
275	216
125	79
346	81
304	35
314	6
346	402
334	408
255	416
272	174
310	237
318	243
278	37
288	51
293	74
289	110
355	13
305	80
276	99
347	24
342	7
260	223
334	54
21	80
358	219
264	106
381	167
325	233
338	25
332	25
293	152
328	19
378	115
313	20
314	19
125	138
376	79
335	15
255	36
263	85
342	57
286	10
355	110
355	203
269	199
326	59
316	194
256	143
304	19
341	388
310	80
277	100
340	239
329	385
374	393
384	201
352	16
323	136
301	8
336	83
337	185
313	117
333	64
378	143
349	82
305	102
381	57
379	79
278	84
384	15
313	41
368	122
356	79
286	393
354	99
318	129
277	219
264	16
380	80
332	32
315	245
379	8
371	22
342	56
276	180
124	7
327	15
271	106
377	219
275	18
374	96
384	105
337	134
295	111
322	137
356	5
288	120
347	53
21	228
341	101
287	19
347	5
304	25
339	106
359	117
267	18
358	15
323	227
301	16
256	205
275	93
305	93
325	169
285	1
264	51
374	25
366	170
327	79
347	23
288	79
383	155
287	7
355	8
346	9
266	409
347	96
286	179
274	123
272	190
313	41
377	52
266	23
299	206
342	7
348	79
296	184
351	136
124	79
309	27
383	231
305	215
279	7
281	28
287	221
299	391
305	4
352	158
300	86
272	198
255	8
352	418
281	111
352	136
318	100
347	15
312	7
310	7
356	194
382	11
315	51
282	91
298	51
347	111
272	144
296	138
347	106
318	407
307	168
319	215
355	142
294	84
39	410
298	163
340	171
356	127
326	131
349	108
275	11
81	393
300	131
308	64
298	197
379	81
372	413
81	42
348	7
314	219
279	29
305	31
380	53
278	8
276	229
335	135
305	422
289	79
299	166
349	123
344	14
384	101
290	29
353	249
349	22
326	22
338	223
289	20
270	7
305	226
377	236
251	11
300	122
380	34
348	403
271	398
286	38
276	7
311	80
337	405
344	160
258	79
334	138
299	214
347	411
266	79
382	27
124	157
258	13
377	242
266	66
256	80
336	124
276	106
266	93
260	104
295	394
279	412
357	238
310	389
298	110
305	17
345	7
297	8
260	121
342	41
338	229
377	153
296	385
384	395
300	6
347	222
356	47
270	225
358	78
262	154
336	219
299	84
335	106
258	10
290	30
260	123
305	102
304	7
255	99
283	7
323	16
381	196
308	29
348	137
347	390
382	8
369	196
346	385
342	8
299	8
279	17
384	127
375	401
335	80
346	162
275	398
81	57
375	8
345	7
315	7
272	127
337	79
306	7
298	122
284	29
81	62
289	191
351	16
265	80
311	80
315	99
304	391
279	119
381	156
302	394
365	71
298	8
267	137
275	246
379	79
298	110
288	19
290	234
286	45
307	127
260	7
382	8
347	210
378	30
349	4
305	7
275	8
301	132
324	220
324	7
379	5
337	241
382	32
373	391
393	162
337	51
294	8
375	415
346	79
305	186
342	31
300	11
309	7
344	417
307	7
321	53
275	79
267	116
340	225
273	93
339	15
300	93
345	57
309	97
276	114
346	79
298	85
370	396
356	104
308	79
341	79
290	48
273	8
332	79
367	79
347	79
351	58
288	31
356	149
379	222
374	7
289	56
271	99
298	96
277	81
335	111
371	136
378	29
337	11
341	21
336	32
345	131
287	7
333	7
309	146
290	102
285	43
361	237
357	16
377	55
336	19
274	36
346	120
274	230
81	418
347	405
338	100
298	231
383	127
342	225
335	7
377	79
308	10
355	393
315	176
341	140
298	16
300	98
329	79
300	409
313	7
273	248
266	51
338	191
272	10
280	7
310	192
279	213
310	5
340	25
314	10
321	14
294	79
337	40
280	79
266	48
305	22
288	95
356	119
384	195
356	406
379	223
355	204
297	80
347	53
327	212
310	219
250	18
300	403
256	121
330	393
352	81
382	27
305	62
358	206
324	122
289	106
320	7
341	2
324	14
309	92
290	14
336	419
343	77
376	93
309	80
310	79
297	161
347	240
255	52
346	24
266	191
337	225
321	133
318	96
383	391
81	131
334	189
234	79
330	45
338	51
290	164
355	6
335	202
310	130
352	407
341	36
290	208
297	2
345	16
291	391
286	222
298	393
337	172
344	14
254	221
363	26
324	166
278	7
300	7
337	7
355	116
280	51
279	12
356	79
123	403
311	122
323	224
272	220
347	15
300	34
340	6
270	222
301	2
278	6
338	75
311	11
355	90
340	7
279	9
255	232
383	20
335	56
313	226
384	193
267	122
81	389
331	114
340	148
348	180
270	386
338	235
336	14
371	79
