422
382	6
349	79
356	16
378	389
288	45
333	141
324	196
299	239
346	34
319	79
315	19
346	243
286	6
267	44
315	15
277	40
288	18
300	223
278	51
294	7
333	16
256	227
336	155
347	80
342	239
347	152
334	106
297	247
347	406
379	122
369	120
358	40
347	26
347	248
274	7
125	6
321	17
310	236
310	7
322	163
279	144
347	7
347	96
314	6
272	405
313	7
357	79
359	95
378	419
377	5
308	242
81	22
305	49
351	385
377	111
324	415
347	59
258	79
313	79
349	89
344	175
255	111
358	27
318	16
294	18
319	219
342	162
339	391
305	131
297	211
279	29
334	140
293	225
304	404
337	181
251	51
299	116
341	29
293	29
294	96
124	227
337	27
275	57
276	391
317	156
298	48
283	402
298	8
356	51
337	53
314	229
289	102
346	3
275	127
329	106
349	41
334	110
256	7
266	110
279	13
347	31
252	195
274	79
295	100
342	7
378	92
280	223
289	146
284	80
307	226
285	2
336	186
346	14
305	179
379	58
384	16
272	393
381	11
361	10
262	79
377	10
342	179
270	176
309	403
286	25
290	35
345	220
382	395
287	84
293	205
256	81
278	69
356	160
356	111
351	64
81	128
250	79
340	80
340	202
275	153
356	15
341	24
304	42
258	41
336	20
355	385
299	81
336	15
314	201
81	189
364	143
377	36
321	45
287	34
343	392
323	411
380	229
356	7
313	46
301	7
272	219
376	79
384	106
260	15
290	12
290	136
314	193
293	187
335	10
322	7
298	240
310	166
331	136
300	393
266	80
382	48
338	74
384	241
255	80
301	226
381	79
285	127
314	136
346	104
284	391
380	37
335	16
291	53
300	14
384	79
348	135
273	412
305	227
383	52
304	27
351	79
377	104
383	7
79	106
300	5
378	394
255	101
360	10
305	184
341	23
267	30
266	12
318	25
305	197
269	101
272	7
382	134
311	420
264	58
355	7
289	23
294	161
381	5
348	183
299	79
384	8
352	114
334	8
341	7
277	93
290	32
374	389
267	79
313	14
39	32
275	174
352	398
260	162
352	93
271	56
295	14
320	229
344	4
346	24
279	79
288	34
279	209
338	120
342	131
270	234
337	7
379	24
276	8
256	217
288	20
379	401
352	68
301	403
347	53
376	206
309	22
294	208
309	79
307	79
348	222
347	84
264	7
289	85
348	52
309	7
355	193
274	7
323	137
260	117
296	79
332	224
322	85
309	79
336	47
314	7
287	51
325	119
260	14
348	70
256	59
270	84
293	72
305	26
290	93
81	131
314	159
384	20
304	79
300	108
310	8
384	16
356	393
377	169
298	212
357	221
379	407
338	8
356	137
353	63
274	99
378	161
287	225
306	9
347	415
336	8
383	107
310	25
380	111
381	120
276	222
371	11
266	10
278	8
324	54
305	405
285	51
332	127
368	79
255	18
349	147
298	99
302	237
315	124
337	11
270	123
275	14
335	230
342	145
256	112
316	35
345	42
294	123
266	5
305	45
286	2
345	17
258	83
339	100
351	28
366	122
349	79
271	7
123	244
253	120
342	202
309	229
326	136
277	30
274	111
123	172
262	13
355	25
268	194
346	113
255	142
356	15
298	409
379	22
324	93
314	79
310	232
124	81
315	23
344	393
377	78
301	32
375	219
377	219
289	79
298	408
375	192
296	182
311	32
310	7
293	130
383	7
382	6
378	113
346	150
340	420
281	29
355	11
362	77
336	79
376	80
334	24
298	204
313	93
341	84
383	22
279	8
349	177
350	80
287	15
280	391
305	222
258	51
377	171
278	79
346	132
301	220
315	220
234	194
375	7
314	410
277	221
263	118
309	53
315	5
347	121
125	14
356	214
380	51
337	127
314	143
344	104
346	79
375	418
324	7
381	402
356	388
330	191
328	421
325	117
321	19
300	88
311	31
256	219
337	18
358	8
338	163
289	29
336	96
335	131
260	105
356	133
277	14
273	417
276	136
309	11
293	56
314	99
260	102
349	235
278	116
365	422
347	220
353	140
312	110
21	51
278	203
264	15
293	391
379	110
325	219
272	123
305	146
300	185
293	388
265	23
343	67
376	143
374	12
266	96
297	9
355	103
335	40
300	79
332	60
284	128
339	229
273	106
275	246
290	137
264	238
374	218
288	136
337	6
282	122
303	122
271	85
341	97
309	397
374	25
281	7
288	223
333	183
352	393
275	131
300	228
342	19
302	8
280	40
270	228
377	418
309	385
331	385
283	57
276	79
300	416
323	81
348	62
378	22
355	19
355	129
356	32
356	191
347	126
313	11
380	33
335	411
264	399
344	407
276	408
274	127
310	102
290	385
308	106
297	51
313	79
383	196
272	137
319	79
323	387
318	25
342	219
379	223
335	385
337	114
355	93
266	157
272	19
271	245
340	11
327	52
378	61
335	198
351	86
338	122
345	178
393	390
338	2
341	119
301	20
326	79
383	123
352	227
347	249
334	80
370	27
351	8
347	80
335	80
347	91
345	57
347	7
354	7
260	79
290	8
294	99
375	114
255	15
304	76
337	200
273	83
250	396
307	190
318	225
292	215
285	5
346	99
298	25
295	166
310	210
258	79
355	7
81	7
336	8
326	106
275	36
298	154
267	34
310	216
300	386
336	7
305	180
377	11
346	71
293	122
358	41
384	36
123	138
342	123
280	391
315	167
286	394
371	222
305	99
371	219
338	2
273	110
378	79
288	148
383	43
334	2
264	81
348	206
298	8
338	165
340	237
267	106
290	7
345	62
382	16
303	11
379	203
305	242
305	50
384	7
300	414
305	131
336	16
271	199
347	101
356	10
326	26
298	39
382	105
278	106
333	213
270	106
21	168
352	79
304	45
380	222
347	100
286	25
325	87
341	7
329	138
314	7
281	95
287	221
310	221
256	9
81	57
298	65
318	2
327	15
311	225
338	79
264	34
341	31
337	109
355	122
285	7
276	84
324	106
330	8
333	139
306	79
300	15
123	180
320	395
375	222
308	27
300	19
371	136
265	19
341	115
255	10
374	10
250	28
352	25
337	8
286	57
305	44
355	411
278	385
335	83
124	93
310	216
352	66
349	7
321	80
379	138
279	81
299	56
355	73
292	52
305	404
337	8
270	93
367	195
335	106
342	82
306	99
274	16
347	81
304	7
259	134
382	19
344	23
356	191
294	233
338	56
347	41
327	391
266	179
345	403
342	231
310	56
304	405
273	45
279	19
326	26
355	11
250	225
347	85
383	8
352	400
384	57
350	106
290	227
335	27
355	229
298	38
270	85
374	7
339	55
307	90
300	79
124	123
296	20
341	56
297	110
280	7
384	6
257	421
337	164
278	183
349	21
305	17
309	237
347	230
310	64
290	7
340	79
382	393
289	79
377	94
335	151
260	5
290	79
346	207
258	111
379	95
286	99
382	225
372	223
305	17
264	79
290	7
340	93
345	79
288	409
81	84
342	158
261	7
378	18
299	26
375	22
275	53
329	79
81	7
272	222
363	79
378	157
341	106
355	149
308	7
305	27
299	107
296	29
320	398
260	37
254	81
278	23
327	155
356	75
347	173
334	93
269	1
279	99
301	22
266	170
345	99
378	194
266	121
332	93
344	204
298	106
335	188
272	4
347	21
308	231
276	81
298	80
309	98
373	79
299	413
309	7
296	80
289	93
275	219
342	215
291	57
355	183
309	241
336	184
