422
377	79
255	34
298	391
341	8
284	237
338	154
308	14
279	44
371	7
335	47
314	10
374	19
276	3
347	33
298	2
349	106
336	79
374	131
311	11
288	64
295	137
256	6
320	57
270	9
298	155
310	79
302	83
290	421
278	90
347	110
384	61
290	237
313	215
370	7
299	7
337	16
318	99
355	11
124	107
256	79
258	14
279	79
301	239
274	22
298	93
278	67
356	15
384	121
295	385
273	179
272	5
376	223
334	102
289	79
338	51
356	79
309	79
305	53
342	192
379	7
260	7
377	31
335	207
337	7
337	127
338	57
272	12
298	222
267	194
316	74
264	244
250	186
315	6
338	81
338	68
124	151
293	8
379	234
363	219
342	147
258	208
296	45
309	143
351	211
288	106
375	138
264	79
268	6
333	104
285	56
308	111
347	391
276	178
352	137
289	79
272	6
287	23
258	99
300	19
333	163
352	14
378	66
280	81
309	44
307	16
377	408
255	8
342	27
341	5
305	4
290	225
313	19
299	106
384	413
310	177
384	93
256	137
352	136
310	221
297	103
297	15
305	18
21	8
308	245
274	54
300	8
342	419
305	6
342	96
274	8
125	402
293	218
304	216
348	80
300	25
304	395
262	32
310	99
277	62
269	25
329	408
305	11
260	84
305	7
383	249
342	2
355	99
354	217
324	2
347	7
270	79
336	143
255	393
289	129
266	7
294	81
272	79
339	191
353	7
384	24
275	111
350	79
258	15
294	29
375	102
369	11
356	81
311	16
356	80
271	183
348	120
278	48
329	10
323	2
376	39
337	73
341	144
362	80
301	8
289	24
309	168
356	79
273	219
336	122
345	16
256	83
334	49
356	52
375	99
346	79
300	106
355	25
250	95
331	142
393	53
301	79
372	7
347	19
384	37
379	80
277	57
310	85
274	209
336	227
345	183
272	113
378	183
334	7
275	414
281	22
294	81
371	184
257	79
336	132
379	42
321	120
348	10
288	10
345	8
318	56
279	7
339	31
289	170
337	79
266	79
347	20
272	220
256	40
293	136
272	230
291	416
326	34
337	28
234	184
382	80
287	11
300	136
344	167
366	26
352	98
309	12
300	79
327	110
255	180
355	21
309	420
286	34
358	5
293	5
253	79
290	79
274	233
275	113
344	157
314	231
382	88
290	410
266	385
384	159
336	4
355	2
377	25
261	51
336	421
374	404
309	7
266	193
349	27
314	407
355	203
344	7
326	179
318	116
276	43
351	219
355	65
347	79
347	97
335	59
290	205
125	79
375	138
361	1
259	6
256	79
359	99
287	220
255	8
318	112
346	16
298	123
355	214
383	114
275	110
333	9
267	247
337	51
270	195
356	79
382	7
21	203
322	120
255	409
380	131
356	79
347	206
336	106
330	80
314	93
379	174
313	25
338	20
315	130
267	7
377	14
305	406
292	136
315	57
270	27
310	85
297	79
358	58
251	222
355	385
340	137
378	388
375	227
347	118
278	83
260	100
334	7
324	99
258	7
339	9
374	84
378	7
266	19
290	59
123	225
273	79
287	140
383	136
338	194
298	109
380	165
298	11
383	411
356	41
340	145
264	18
301	243
345	106
367	385
294	89
347	385
278	173
298	20
378	229
380	106
265	80
300	241
325	23
266	191
378	51
256	80
384	45
346	163
322	181
315	101
315	7
275	20
356	85
276	220
305	35
356	17
300	395
341	8
337	7
293	87
325	110
334	7
379	136
282	229
286	195
252	8
306	114
344	45
356	405
288	8
320	122
312	79
298	127
351	409
377	394
124	96
290	11
347	101
351	40
323	19
293	22
305	386
381	111
260	422
271	71
301	175
296	100
355	105
335	34
381	17
260	407
334	27
290	7
278	29
342	7
81	8
278	222
277	8
349	404
299	219
294	220
340	190
299	26
337	191
298	403
304	10
314	8
309	52
304	51
276	138
310	7
266	225
333	135
81	93
293	79
313	62
377	389
266	199
314	169
341	93
341	210
301	204
377	391
352	40
349	148
378	110
305	101
304	146
291	136
377	229
300	30
279	79
382	126
347	222
340	393
275	79
81	108
379	25
277	85
377	93
355	223
305	111
347	46
300	227
305	389
334	405
296	106
342	11
266	194
279	106
272	119
335	403
352	391
277	94
280	56
360	219
345	56
349	78
381	7
380	22
303	81
255	57
349	56
339	398
347	221
310	221
335	104
306	182
326	79
286	41
319	242
309	228
81	223
264	10
384	14
279	84
315	63
345	99
299	128
290	391
267	7
346	213
294	36
368	128
356	158
298	79
345	111
371	16
352	81
273	131
81	385
298	122
335	398
335	7
307	122
380	7
283	25
317	17
298	392
280	114
273	82
264	77
300	219
325	140
264	7
258	15
342	110
260	123
285	219
300	84
300	10
271	93
305	117
346	21
323	131
79	160
347	106
347	122
341	7
357	79
337	156
305	115
275	14
304	200
264	80
288	16
300	15
294	5
293	41
335	29
81	226
254	7
340	153
338	393
347	391
293	216
323	122
325	81
279	226
287	161
355	22
332	79
337	390
314	8
328	80
313	29
356	230
336	232
278	7
280	246
335	179
346	80
382	188
347	196
341	26
364	7
324	229
347	53
288	79
319	388
281	19
309	75
352	123
293	7
356	127
320	242
263	32
355	5
349	106
324	57
353	22
327	79
286	91
313	235
314	106
305	248
349	41
276	18
332	11
345	64
276	219
326	26
274	202
347	29
347	127
335	38
310	222
266	225
336	14
296	149
272	72
310	393
281	7
318	227
278	164
275	131
123	96
351	15
273	134
336	79
280	7
379	10
336	141
308	385
384	84
305	418
375	189
346	201
124	219
380	180
342	400
286	37
341	7
335	35
265	387
260	236
338	60
355	22
270	176
343	53
346	215
335	241
309	31
285	162
299	32
289	52
337	51
347	45
344	172
352	15
355	412
260	55
324	150
343	237
347	197
299	231
335	183
348	32
377	6
346	69
341	42
342	143
384	397
278	99
319	131
352	206
351	202
304	134
271	27
327	193
297	7
306	155
305	223
298	222
296	7
288	15
314	146
356	7
350	204
348	93
270	228
383	81
301	93
383	133
376	139
286	80
314	34
337	239
250	79
264	56
298	102
313	127
309	122
382	171
310	152
356	8
355	223
267	7
347	58
381	104
332	15
276	196
290	238
346	117
314	116
382	401
309	95
304	29
371	19
382	229
344	76
342	418
310	187
290	45
290	13
297	391
289	393
344	107
299	84
310	40
373	19
383	405
300	79
334	221
288	14
285	80
294	225
81	93
305	157
275	51
305	11
322	15
315	120
303	18
379	225
374	240
377	105
321	23
321	2
321	27
295	25
292	7
256	198
330	8
379	403
279	123
346	52
274	227
349	396
326	417
341	415
123	166
305	222
341	111
347	18
308	23
375	224
348	399
283	16
376	185
378	402
275	124
262	32
365	13
269	27
378	51
271	119
337	57
338	99
358	100
284	92
382	79
348	5
285	229
302	7
311	411
81	95
383	123
382	106
305	36
333	12
250	28
327	121
355	162
378	212
307	93
284	123
346	8
358	30
342	24
357	25
311	79
340	96
39	79
314	16
383	23
289	411
279	36
374	106
331	393
381	79
340	51
329	53
309	86
345	70
123	420
287	79
378	26
332	415
324	93
310	85
260	23
346	17
342	48
270	394
286	106
347	24
378	50
379	166
270	161
307	20
