422
310	6
366	127
275	6
310	96
379	53
309	15
356	79
316	79
301	28
297	106
305	8
377	215
313	140
265	81
309	114
262	3
380	28
340	239
349	37
273	19
305	19
338	229
259	14
258	17
377	45
322	183
346	123
277	80
266	227
250	7
293	158
309	99
260	93
336	388
298	12
318	41
377	24
310	7
339	15
353	51
267	393
356	79
334	57
321	208
345	15
379	162
300	13
279	220
319	8
344	45
305	100
332	225
379	51
349	66
260	11
380	235
313	21
346	399
326	114
319	33
293	19
382	84
279	123
359	99
345	110
304	134
337	26
301	237
347	81
335	107
356	176
124	417
341	196
371	79
332	225
383	93
377	34
381	225
276	138
310	398
300	133
298	132
377	5
275	7
346	229
336	407
300	222
293	85
298	21
335	8
260	37
333	99
306	67
383	7
315	89
274	64
274	11
342	26
377	80
318	79
379	169
270	414
290	117
288	96
304	80
314	51
256	183
355	84
260	96
277	84
375	137
355	408
288	79
314	51
375	227
337	122
296	190
295	138
315	68
356	30
344	30
372	122
347	7
323	207
318	57
285	93
305	79
320	45
309	127
324	22
329	24
81	4
343	220
352	102
342	80
345	7
375	85
300	56
81	40
341	40
384	45
304	237
355	79
326	72
302	180
283	16
371	7
264	100
290	192
280	165
290	14
273	164
287	143
355	57
270	29
276	406
288	166
376	415
357	142
324	106
256	119
334	69
355	12
356	116
374	40
383	385
347	227
291	63
336	10
298	23
383	212
125	82
293	27
294	219
266	391
340	221
347	8
290	7
309	150
305	119
347	214
39	418
355	2
308	46
258	405
383	121
301	131
305	174
336	7
123	416
300	74
349	189
309	203
346	223
382	175
293	4
378	136
337	11
378	79
266	32
298	222
365	24
349	79
345	26
310	198
337	94
300	2
351	412
285	96
347	79
346	58
254	14
336	137
334	202
337	19
286	2
250	393
301	56
298	216
379	152
379	229
339	25
345	95
314	16
258	23
347	27
352	229
347	110
298	79
297	81
378	11
381	137
290	41
309	7
313	246
269	136
258	90
290	14
377	137
256	179
373	110
377	391
369	391
355	219
275	106
370	7
342	17
305	83
320	8
338	180
348	9
322	221
280	182
260	230
326	15
293	76
266	81
301	159
376	184
342	19
324	45
310	239
333	79
374	52
264	38
363	219
330	106
355	84
280	10
309	19
393	8
375	7
314	52
346	101
300	387
313	25
278	225
380	51
287	203
347	14
355	8
344	10
333	25
294	104
252	44
344	40
384	136
290	34
256	106
266	193
272	407
299	44
336	71
345	145
338	191
291	22
300	24
341	228
274	79
288	123
376	81
347	195
335	15
293	5
382	123
333	191
123	5
256	18
289	161
346	83
251	131
374	8
375	14
268	127
305	103
342	129
297	213
298	106
266	143
356	52
286	20
378	389
275	128
341	393
290	17
301	51
337	95
270	93
287	8
346	131
384	115
329	106
286	101
384	7
278	126
309	25
279	229
347	79
289	111
347	50
342	106
337	56
328	155
288	15
289	79
355	85
278	403
346	120
340	413
378	127
358	147
355	7
309	395
331	99
321	122
270	42
279	220
341	162
355	5
354	223
307	7
334	400
362	7
297	127
356	93
334	236
305	12
123	222
250	178
377	32
342	131
336	7
279	7
345	249
264	15
272	61
288	80
305	7
274	73
344	99
384	247
342	14
355	111
309	99
271	402
299	397
337	22
347	227
379	222
352	181
337	19
311	386
266	22
351	99
255	48
382	93
309	405
288	83
300	97
358	106
314	118
287	228
347	36
378	398
270	391
279	7
355	29
279	7
338	186
272	206
355	219
342	86
335	5
335	5
279	10
342	140
270	120
298	7
274	205
310	222
255	10
257	111
325	197
234	199
258	42
356	99
308	80
322	79
313	23
305	20
278	420
81	146
383	62
348	202
383	79
383	10
273	11
338	79
304	122
345	110
293	106
290	402
294	93
272	422
349	188
352	79
264	232
310	53
337	120
315	7
337	79
348	80
299	15
289	27
305	25
294	216
124	245
300	7
305	410
294	141
284	233
356	385
318	80
310	146
273	57
353	109
381	219
305	206
323	11
299	93
341	404
378	124
284	111
352	79
374	16
308	70
304	156
335	194
274	194
341	7
340	136
309	405
262	79
304	8
287	35
383	220
256	79
255	242
331	222
364	6
255	179
276	211
272	160
351	79
357	122
276	391
378	11
303	237
344	34
351	15
320	219
305	113
271	392
374	219
295	54
273	84
287	31
341	17
334	7
337	393
271	185
276	79
272	234
294	7
356	106
253	7
352	136
346	195
286	20
335	79
382	10
340	91
340	172
305	27
270	240
298	27
335	171
267	167
124	8
275	409
325	111
298	19
325	403
300	421
261	41
334	23
298	80
380	131
327	204
304	200
285	78
255	419
278	53
315	7
341	36
323	238
279	39
300	18
347	7
310	391
356	179
286	26
336	106
336	104
356	88
305	105
347	16
333	79
255	57
277	79
255	411
379	105
310	7
361	7
281	56
335	122
376	79
300	123
305	7
336	11
280	18
327	59
274	394
346	55
337	243
378	223
275	92
278	31
341	151
313	157
336	25
275	29
283	85
340	60
286	18
382	79
293	102
298	25
321	49
342	7
314	144
278	113
368	8
297	155
305	394
296	93
326	210
347	100
384	9
332	123
350	20
307	5
301	11
290	388
382	225
339	7
296	149
347	385
351	395
307	183
380	25
311	23
336	218
81	110
327	221
338	116
300	29
348	134
284	56
335	16
308	163
296	166
382	79
277	32
324	93
342	101
281	187
288	7
267	157
314	106
338	99
312	163
358	79
314	153
338	11
310	225
352	177
317	79
294	36
325	224
275	79
81	139
311	79
332	20
314	99
289	401
341	85
379	408
298	104
264	31
309	193
299	79
303	128
266	231
289	57
335	7
294	8
311	62
335	22
349	2
285	191
345	136
381	415
355	8
260	110
347	8
347	47
379	230
313	79
273	201
81	87
338	168
310	29
256	10
334	80
375	8
343	215
382	79
315	393
267	34
329	390
264	385
327	7
352	226
272	93
347	80
356	170
347	221
314	173
286	241
349	242
281	15
346	52
321	75
314	19
367	7
310	84
295	2
308	77
292	102
79	227
270	6
305	223
271	81
338	138
269	7
289	209
323	6
307	117
299	7
377	56
355	411
267	161
377	130
263	409
384	108
260	231
384	389
337	217
335	79
272	122
299	35
275	223
377	229
306	32
347	43
356	58
260	222
344	22
381	393
352	183
348	51
339	16
324	27
272	204
290	48
271	106
304	25
275	385
349	41
374	8
382	59
289	396
371	81
266	27
378	420
293	79
315	241
352	136
341	79
342	385
250	53
298	107
125	57
356	391
380	6
315	7
264	7
356	64
330	114
384	80
348	65
379	385
290	14
302	51
300	80
358	51
21	23
356	79
347	120
347	244
346	95
278	421
335	219
318	93
351	22
296	6
290	8
256	8
384	13
123	79
305	81
324	148
360	154
299	226
348	403
277	79
276	29
384	32
326	106
292	16
124	79
264	196
306	1
258	111
378	79
349	418
375	26
350	16
266	194
260	18
371	98
280	143
278	7
278	121
319	131
347	9
298	184
21	53
282	2
285	404
276	112
378	16
81	135
265	7
347	34
276	81
314	248
342	219
81	411
