gtrieScanner Results
------------------------------------------
General Information

Start of Computation: 19h47m30s 29/05/2019
End of Computation: 19h47m30s 29/05/2019

Subgraph Size: 8
Graph File: "../clustered/trial1/clusters/LGN/graphs/color10.txt"
Directed: YES
Nr Nodes: 420
Nr Edges: 43

Method: ESU on original network
Different Types of Subgraphs Found [Original Network]: 145
Subgraph Occurrences Found [Original Network]: 31199
Time for computing census on original network: 0.159887s
Average time for census on random network: 0.000000s

Number of random networks: 0
Random seed: 1559173650
Exchanges per edge: 3
Number of tries per exchange: 10
------------------------------------------
Motif Analysis Results

Graph      Org_Freq |  Z-score |    Rnd_Avg +/-    Rnd_Dev

00000000
10000011
10000100
10000000
10000000
00000000
00000000
00000000       3004 |     0.00 |       0.00 +/-       0.00

00000000
10000011
10001000
10000100
00000000
00000000
00000000
00000000       2338 |     0.00 |       0.00 +/-       0.00

00000000
10000111
10001000
10000000
00000000
00000000
00000000
00000000       2232 |     0.00 |       0.00 +/-       0.00

00000000
10010001
10010000
00000000
10000010
10000000
00000000
00000000       1835 |     0.00 |       0.00 +/-       0.00

00000000
10001100
10000011
10000000
00000000
00000000
00000000
00000000       1607 |     0.00 |       0.00 +/-       0.00

00000000
10000100
10000010
10000001
10000000
00000000
00000000
00000000       1548 |     0.00 |       0.00 +/-       0.00

00000000
10011000
10000111
00000000
00000000
00000000
00000000
00000000       1258 |     0.00 |       0.00 +/-       0.00

00000000
10010001
10010000
00000000
10000110
00000000
00000000
00000000       1101 |     0.00 |       0.00 +/-       0.00

00000000
10010011
10010000
00000000
10000100
00000000
00000000
00000000       1037 |     0.00 |       0.00 +/-       0.00

01100011
00000000
00000000
01100100
01100000
00000000
00000000
00000000        983 |     0.00 |       0.00 +/-       0.00

00000000
10000010
10000001
10000000
10000000
10000000
00000000
00000000        895 |     0.00 |       0.00 +/-       0.00

00000000
10010100
10010010
00000000
10000001
00000000
00000000
00000000        796 |     0.00 |       0.00 +/-       0.00

00000000
10010011
10010100
00000000
10000000
00000000
00000000
00000000        673 |     0.00 |       0.00 +/-       0.00

00000000
10010000
10010000
00000000
10000011
10000000
00000000
00000000        586 |     0.00 |       0.00 +/-       0.00

00000000
10010000
10001111
00000000
00000000
00000000
00000000
00000000        558 |     0.00 |       0.00 +/-       0.00

00000000
10010000
10010000
00000000
10000001
10000000
10000000
00000000        466 |     0.00 |       0.00 +/-       0.00

00000000
10010000
10010000
00000000
10000010
10000001
00000000
00000000        466 |     0.00 |       0.00 +/-       0.00

00000000
10010111
10011000
00000000
00000000
00000000
00000000
00000000        436 |     0.00 |       0.00 +/-       0.00

00000000
10000111
10000000
10000000
10000000
00000000
00000000
00000000        410 |     0.00 |       0.00 +/-       0.00

00000000
10010011
10010000
00000000
10000000
10000000
00000000
00000000        410 |     0.00 |       0.00 +/-       0.00

01100010
00000000
00000000
01100001
01100000
01100000
00000000
00000000        407 |     0.00 |       0.00 +/-       0.00

01100010
00000000
00000000
01100001
01100000
01000000
00000000
00000000        361 |     0.00 |       0.00 +/-       0.00

01100001
00000000
00000000
01100000
01100000
01000010
00000000
00000000        340 |     0.00 |       0.00 +/-       0.00

01100101
00000000
00000000
01100100
01100010
00000000
00000000
00000000        335 |     0.00 |       0.00 +/-       0.00

00000000
10011100
10010011
00000000
00000000
00000000
00000000
00000000        312 |     0.00 |       0.00 +/-       0.00

00000000
10010111
10010000
00000000
10000000
00000000
00000000
00000000        308 |     0.00 |       0.00 +/-       0.00

00000000
10010001
10010000
00000000
10000000
10000000
10000000
00000000        303 |     0.00 |       0.00 +/-       0.00

00000000
10010010
10010001
00000000
10000000
10000000
00000000
00000000        302 |     0.00 |       0.00 +/-       0.00

00000000
10011001
10011000
00000000
00000000
10000010
00000000
00000000        296 |     0.00 |       0.00 +/-       0.00

00000000
10000011
10000000
10000000
10000000
10000000
00000000
00000000        276 |     0.00 |       0.00 +/-       0.00

01100011
00000000
00000000
01100000
01100000
01000000
00000000
00000000        252 |     0.00 |       0.00 +/-       0.00

00000000
10001111
10000000
10000000
00000000
00000000
00000000
00000000        248 |     0.00 |       0.00 +/-       0.00

01100100
00000000
00000000
01100010
01100001
00000000
00000000
00000000        244 |     0.00 |       0.00 +/-       0.00

00000000
10010000
10010000
00000000
10000111
00000000
00000000
00000000        227 |     0.00 |       0.00 +/-       0.00

00000000
10010000
10010000
00000000
10000011
10000010
00000000
00000000        199 |     0.00 |       0.00 +/-       0.00

01100111
00000000
00000000
01100000
01100000
00000000
00000000
00000000        186 |     0.00 |       0.00 +/-       0.00

01100011
00000000
00000000
01100000
01100000
01100000
00000000
00000000        157 |     0.00 |       0.00 +/-       0.00

01100010
00000000
00000000
01100010
01100001
01100000
00000000
00000000        149 |     0.00 |       0.00 +/-       0.00

01100101
00000000
00000000
01100100
01100000
00000000
01000000
00000000        149 |     0.00 |       0.00 +/-       0.00

01100011
00000000
00000000
01100010
01100000
01100000
00000000
00000000        141 |     0.00 |       0.00 +/-       0.00

01100111
00000000
00000000
01100100
01100000
00000000
00000000
00000000        134 |     0.00 |       0.00 +/-       0.00

01100001
00000000
00000000
01100000
01100000
01100000
01000000
00000000        125 |     0.00 |       0.00 +/-       0.00

01100000
00000000
00000000
01000100
00100011
00000000
00000000
00000000        123 |     0.00 |       0.00 +/-       0.00

00000000
10011001
10011000
00000000
00000000
10000000
10000000
00000000        118 |     0.00 |       0.00 +/-       0.00

00000000
10010000
10000010
00000000
10000001
00010000
00000000
00000000        114 |     0.00 |       0.00 +/-       0.00

00000000
10011000
10011000
00000000
00000000
10000001
10000000
00000000        113 |     0.00 |       0.00 +/-       0.00

00000000
10011011
10011000
00000000
00000000
10000000
00000000
00000000        111 |     0.00 |       0.00 +/-       0.00

00000000
10011010
10011001
00000000
00000000
10000000
00000000
00000000        109 |     0.00 |       0.00 +/-       0.00

01100000
00000000
00000000
01000011
00100000
01000000
00000000
00000000        108 |     0.00 |       0.00 +/-       0.00

01100100
00000000
00000000
01100100
01100011
00000000
00000000
00000000        104 |     0.00 |       0.00 +/-       0.00

00000000
10010100
10010001
00000000
10000100
00000000
10000000
00000000        101 |     0.00 |       0.00 +/-       0.00

01100110
00000000
00000000
01100101
01100000
00000000
00000000
00000000        100 |     0.00 |       0.00 +/-       0.00

00000000
10011111
10010000
00000000
00000000
00000000
00000000
00000000         88 |     0.00 |       0.00 +/-       0.00

01100000
00000000
00000000
01000010
00100001
00100000
00000000
00000000         86 |     0.00 |       0.00 +/-       0.00

00000000
10010100
10010000
00000000
10000111
00000000
00000000
00000000         85 |     0.00 |       0.00 +/-       0.00

00000000
10010100
10010010
00000000
10000101
00000000
00000000
00000000         84 |     0.00 |       0.00 +/-       0.00

01100000
00000000
00000000
01000001
00100000
01000000
01000000
00000000         81 |     0.00 |       0.00 +/-       0.00

00000000
10000001
10000000
10000000
10000000
10000000
10000000
00000000         80 |     0.00 |       0.00 +/-       0.00

00000000
10011000
10011000
00000000
00000000
10000011
00000000
00000000         77 |     0.00 |       0.00 +/-       0.00

00000000
10011011
10011100
00000000
00000000
00000000
00000000
00000000         77 |     0.00 |       0.00 +/-       0.00

01100010
00000000
00000000
01100001
01100000
01000010
00000000
00000000         76 |     0.00 |       0.00 +/-       0.00

00000000
10011111
10000000
00000000
00000000
00000000
00000000
00000000         73 |     0.00 |       0.00 +/-       0.00

01100100
00000000
00000000
01100100
01100001
00000000
01000000
00000000         69 |     0.00 |       0.00 +/-       0.00

01100100
00000000
00000000
01100100
01100000
00000000
01000001
00000000         63 |     0.00 |       0.00 +/-       0.00

01100001
00000000
00000000
01100000
01100000
01100000
01100000
00000000         58 |     0.00 |       0.00 +/-       0.00

01100000
00000000
00000000
01000111
00100000
00000000
00000000
00000000         53 |     0.00 |       0.00 +/-       0.00

00000000
10010100
10010000
00000000
10000100
00000000
10000001
00000000         52 |     0.00 |       0.00 +/-       0.00

00000000
10010000
10010000
00000000
10000010
10000010
00000000
10000000         51 |     0.00 |       0.00 +/-       0.00

01100001
00000000
00000000
01100000
01100000
01000000
01000000
00000000         49 |     0.00 |       0.00 +/-       0.00

01100000
00000000
00000000
01100000
01100000
01000001
01000000
00000000         41 |     0.00 |       0.00 +/-       0.00

00000000
10010001
10010000
00000000
10000100
00000000
00000100
00000000         39 |     0.00 |       0.00 +/-       0.00

01100000
00000000
00000000
01100000
01100000
01000011
00000000
00000000         35 |     0.00 |       0.00 +/-       0.00

00000000
10011111
10011000
00000000
00000000
00000000
00000000
00000000         34 |     0.00 |       0.00 +/-       0.00

01100111
00000000
00000000
01100110
01100000
00000000
00000000
00000000         34 |     0.00 |       0.00 +/-       0.00

01100010
00000000
00000000
01100010
01100000
01100000
00000000
01000000         33 |     0.00 |       0.00 +/-       0.00

00000000
10010000
10010000
00000000
10000000
10000000
10000000
10000000         32 |     0.00 |       0.00 +/-       0.00

00000000
10010101
10010000
00000000
10000100
00000000
10000000
00000000         28 |     0.00 |       0.00 +/-       0.00

00000000
10010100
10010000
00000000
10000100
00000000
10000000
10000000         26 |     0.00 |       0.00 +/-       0.00

00000000
10010101
10010010
00000000
10000100
00000000
00000000
00000000         24 |     0.00 |       0.00 +/-       0.00

00000000
10010000
10001000
00000000
00000000
00010001
00001000
00000000         22 |     0.00 |       0.00 +/-       0.00

01100110
00000000
00000000
01100101
01100010
00000000
00000000
00000000         21 |     0.00 |       0.00 +/-       0.00

01100110
00000000
00000000
01100110
01100001
00000000
00000000
00000000         21 |     0.00 |       0.00 +/-       0.00

01100000
00000000
00000000
01100000
01100000
01100000
01000001
00000000         20 |     0.00 |       0.00 +/-       0.00

00000000
10011000
10011000
00000000
00000000
10000000
10000000
10000000         19 |     0.00 |       0.00 +/-       0.00

01100001
00000000
00000000
01100001
01100000
01100000
01100000
00000000         19 |     0.00 |       0.00 +/-       0.00

00000000
10010000
10010000
00000000
10000100
00000000
00000100
10000000         18 |     0.00 |       0.00 +/-       0.00

01100010
00000000
00000000
01100000
01100000
01000011
00000000
00000000         18 |     0.00 |       0.00 +/-       0.00

01100101
00000000
00000000
01100100
01100100
00000000
01100000
00000000         17 |     0.00 |       0.00 +/-       0.00

00000000
10011000
10011000
00000000
00000000
10000001
10000001
00000000         14 |     0.00 |       0.00 +/-       0.00

00000000
10010000
10010000
00000000
10000100
00000000
00000101
00000000         11 |     0.00 |       0.00 +/-       0.00

00000000
10011101
10011100
00000000
00000000
00000000
10000000
00000000         10 |     0.00 |       0.00 +/-       0.00

00000000
10011110
10011101
00000000
00000000
00000000
00000000
00000000         10 |     0.00 |       0.00 +/-       0.00

00000000
10011111
10011100
00000000
00000000
00000000
00000000
00000000         10 |     0.00 |       0.00 +/-       0.00

01100000
00000000
00000000
01000001
00100000
00100000
00100000
00000000         10 |     0.00 |       0.00 +/-       0.00

01100001
00000000
00000000
01100000
01100000
01100000
01000001
00000000         10 |     0.00 |       0.00 +/-       0.00

01100011
00000000
00000000
01100010
01100001
01100000
00000000
00000000         10 |     0.00 |       0.00 +/-       0.00

01100010
00000000
00000000
01100010
01100001
01100001
00000000
00000000          9 |     0.00 |       0.00 +/-       0.00

01100011
00000000
00000000
01100011
01100000
01100000
00000000
00000000          9 |     0.00 |       0.00 +/-       0.00

01100100
00000000
00000000
01100100
01100000
00000000
01000000
01000000          9 |     0.00 |       0.00 +/-       0.00

01100100
00000000
00000000
01100100
01100001
00000000
01000001
00000000          9 |     0.00 |       0.00 +/-       0.00

01100100
00000000
00000000
01100100
01100100
00000000
01100001
00000000          9 |     0.00 |       0.00 +/-       0.00

01100110
00000000
00000000
01100101
01100100
00000000
00000000
00000000          9 |     0.00 |       0.00 +/-       0.00

01111111
00000000
00000000
00000000
00000000
00000000
00000000
00000000          9 |     0.00 |       0.00 +/-       0.00

00000000
10010000
10001001
00000000
00000000
00010000
00001000
00000000          8 |     0.00 |       0.00 +/-       0.00

00000000
10010100
10010001
00000000
10000100
00000000
10000001
00000000          8 |     0.00 |       0.00 +/-       0.00

01100001
00000000
00000000
01000100
00100010
00000000
00000000
00000000          8 |     0.00 |       0.00 +/-       0.00

00000000
10011010
10011000
00000000
00000000
10000010
00000000
10000000          7 |     0.00 |       0.00 +/-       0.00

01100110
00000000
00000000
01100110
01100000
00000000
00000000
01000000          7 |     0.00 |       0.00 +/-       0.00

01100000
00000000
00000000
01000011
00100000
00100000
00000000
00000000          6 |     0.00 |       0.00 +/-       0.00

01100000
00000000
00000000
01100000
01100000
01100000
01100000
01000000          6 |     0.00 |       0.00 +/-       0.00

01100011
00000000
00000000
01000100
00100000
00000000
00000000
00000000          6 |     0.00 |       0.00 +/-       0.00

01100101
00000000
00000000
01100100
01100100
00000000
01000000
00000000          6 |     0.00 |       0.00 +/-       0.00

01100111
00000000
00000000
01100100
01100100
00000000
00000000
00000000          6 |     0.00 |       0.00 +/-       0.00

01100000
00000000
00000000
01000000
00100000
00100000
00100000
00100000          5 |     0.00 |       0.00 +/-       0.00

01100000
00000000
00000000
01100000
01100000
01000000
01000000
01000000          5 |     0.00 |       0.00 +/-       0.00

01100000
00000000
00000000
01100000
01100000
01000001
01000001
00000000          5 |     0.00 |       0.00 +/-       0.00

01100010
00000000
00000000
01100000
01100000
01000010
00000000
01000000          5 |     0.00 |       0.00 +/-       0.00

01100111
00000000
00000000
01100110
01100100
00000000
00000000
00000000          5 |     0.00 |       0.00 +/-       0.00

00000000
10010111
10010000
00000000
10000100
00000000
00000000
00000000          4 |     0.00 |       0.00 +/-       0.00

00000000
10011001
10010010
00000000
00000000
00001000
00000000
00000000          4 |     0.00 |       0.00 +/-       0.00

00000000
10011010
10011001
00000000
00000000
10000010
00000000
00000000          4 |     0.00 |       0.00 +/-       0.00

00000000
10011011
10011000
00000000
00000000
10000010
00000000
00000000          4 |     0.00 |       0.00 +/-       0.00

00000000
10011100
10011100
00000000
00000000
00000000
10000001
00000000          4 |     0.00 |       0.00 +/-       0.00

01100001
00000000
00000000
01000110
00100000
00000000
00000000
00000000          4 |     0.00 |       0.00 +/-       0.00

01100110
00000000
00000000
01100100
01100010
00000000
00000000
01000000          4 |     0.00 |       0.00 +/-       0.00

01100111
00000000
00000000
01100100
01100010
00000000
00000000
00000000          4 |     0.00 |       0.00 +/-       0.00

01100100
00000000
00000000
01100100
01100100
00000000
01100000
01000000          3 |     0.00 |       0.00 +/-       0.00

01100100
00000000
00000000
01100100
01100100
00000000
01100000
01100000          3 |     0.00 |       0.00 +/-       0.00

01100101
00000000
00000000
01100101
01100100
00000000
01100000
00000000          3 |     0.00 |       0.00 +/-       0.00

00000000
10010000
10001000
00000000
00000000
00010000
00001000
00001000          2 |     0.00 |       0.00 +/-       0.00

00000000
10010110
10010001
00000000
10000110
00000000
00000000
00000000          2 |     0.00 |       0.00 +/-       0.00

00000000
10011000
10010000
00000000
00000000
00001010
00000000
00000010          2 |     0.00 |       0.00 +/-       0.00

00000000
10011000
10010010
00000000
00000000
00001001
00000000
00000000          2 |     0.00 |       0.00 +/-       0.00

00000000
10011000
10011000
00000000
00000000
10000010
00000000
00000010          2 |     0.00 |       0.00 +/-       0.00

00000000
10011001
10010000
00000000
00000000
00001010
00000000
00000000          2 |     0.00 |       0.00 +/-       0.00

01100100
00000000
00000000
01100100
01100100
00000000
01000001
00000000          2 |     0.00 |       0.00 +/-       0.00

00000000
10000000
10000000
10000000
10000000
10000000
10000000
10000000          1 |     0.00 |       0.00 +/-       0.00

00000000
10010011
10011000
00000000
00000000
00001000
00000000
00000000          1 |     0.00 |       0.00 +/-       0.00

00000000
10011011
10010000
00000000
00000000
00001000
00000000
00000000          1 |     0.00 |       0.00 +/-       0.00

01100000
00000000
00000000
01100000
01100000
01000010
00000000
00000010          1 |     0.00 |       0.00 +/-       0.00

01100000
00000000
00000000
01100000
01100000
01100000
01100000
01100000          1 |     0.00 |       0.00 +/-       0.00

01100101
00000000
00000000
01100100
01100100
00000000
01100001
00000000          1 |     0.00 |       0.00 +/-       0.00

01100110
00000000
00000000
01100110
01100100
00000000
00000000
01000000          1 |     0.00 |       0.00 +/-       0.00

01100110
00000000
00000000
01100110
01100101
00000000
00000000
00000000          1 |     0.00 |       0.00 +/-       0.00

01100111
00000000
00000000
01100110
01100001
00000000
00000000
00000000          1 |     0.00 |       0.00 +/-       0.00

