gtrieScanner Results
------------------------------------------
General Information

Start of Computation: 19h47m30s 29/05/2019
End of Computation: 19h47m32s 29/05/2019

Subgraph Size: 8
Graph File: "../clustered/trial1/clusters/LGN/graphs/color1.txt"
Directed: YES
Nr Nodes: 417
Nr Edges: 45

Method: ESU on original network
Different Types of Subgraphs Found [Original Network]: 90
Subgraph Occurrences Found [Original Network]: 418818
Time for computing census on original network: 2.474674s
Average time for census on random network: 0.000000s

Number of random networks: 0
Random seed: 1559173650
Exchanges per edge: 3
Number of tries per exchange: 10
------------------------------------------
Motif Analysis Results

Graph      Org_Freq |  Z-score |    Rnd_Avg +/-    Rnd_Dev

00000000
10011000
10000111
00000000
00000000
00000000
00000000
00000000      87310 |     0.00 |       0.00 +/-       0.00

00000000
10010111
10011000
00000000
00000000
00000000
00000000
00000000      52402 |     0.00 |       0.00 +/-       0.00

00000000
10010000
10001111
00000000
00000000
00000000
00000000
00000000      49023 |     0.00 |       0.00 +/-       0.00

00000000
10011100
10010011
00000000
00000000
00000000
00000000
00000000      42630 |     0.00 |       0.00 +/-       0.00

01111111
00000000
00000000
00000000
00000000
00000000
00000000
00000000      38897 |     0.00 |       0.00 +/-       0.00

00000000
10011011
10011100
00000000
00000000
00000000
00000000
00000000      31591 |     0.00 |       0.00 +/-       0.00

00000000
10011111
10000000
00000000
00000000
00000000
00000000
00000000      19914 |     0.00 |       0.00 +/-       0.00

00000000
10011111
10010000
00000000
00000000
00000000
00000000
00000000      13188 |     0.00 |       0.00 +/-       0.00

00000000
10011111
10011000
00000000
00000000
00000000
00000000
00000000       8764 |     0.00 |       0.00 +/-       0.00

00000000
10010011
10010100
00000000
10000000
00000000
00000000
00000000       7722 |     0.00 |       0.00 +/-       0.00

01100011
00000000
00000000
01000100
00100000
00000000
00000000
00000000       7468 |     0.00 |       0.00 +/-       0.00

01100001
00000000
00000000
01000110
00100000
00000000
00000000
00000000       6253 |     0.00 |       0.00 +/-       0.00

01100001
00000000
00000000
01000100
00100010
00000000
00000000
00000000       4566 |     0.00 |       0.00 +/-       0.00

00000000
10000111
10001000
10000000
00000000
00000000
00000000
00000000       4248 |     0.00 |       0.00 +/-       0.00

00000000
10011110
10011101
00000000
00000000
00000000
00000000
00000000       3500 |     0.00 |       0.00 +/-       0.00

00000000
10001100
10000011
10000000
00000000
00000000
00000000
00000000       3240 |     0.00 |       0.00 +/-       0.00

01100000
00000000
00000000
01000100
00100011
00000000
00000000
00000000       3237 |     0.00 |       0.00 +/-       0.00

00000000
10011111
10011100
00000000
00000000
00000000
00000000
00000000       3150 |     0.00 |       0.00 +/-       0.00

00000000
10011001
10010010
00000000
00000000
00001000
00000000
00000000       2818 |     0.00 |       0.00 +/-       0.00

00000000
10010111
10010000
00000000
10000000
00000000
00000000
00000000       2208 |     0.00 |       0.00 +/-       0.00

00000000
10011010
10011001
00000000
00000000
10000000
00000000
00000000       1800 |     0.00 |       0.00 +/-       0.00

01100111
00000000
00000000
01000000
00100000
00000000
00000000
00000000       1736 |     0.00 |       0.00 +/-       0.00

00000000
10011011
10011000
00000000
00000000
10000000
00000000
00000000       1620 |     0.00 |       0.00 +/-       0.00

01100000
00000000
00000000
01000111
00100000
00000000
00000000
00000000       1620 |     0.00 |       0.00 +/-       0.00

00000000
10000011
10001000
10000100
00000000
00000000
00000000
00000000       1530 |     0.00 |       0.00 +/-       0.00

00000000
10010011
10010000
00000000
10000100
00000000
00000000
00000000       1530 |     0.00 |       0.00 +/-       0.00

00000000
10010011
10011000
00000000
00000000
00001000
00000000
00000000       1396 |     0.00 |       0.00 +/-       0.00

00000000
10011000
10010010
00000000
00000000
00001001
00000000
00000000       1372 |     0.00 |       0.00 +/-       0.00

00000000
10011001
10010000
00000000
00000000
00001010
00000000
00000000       1308 |     0.00 |       0.00 +/-       0.00

00000000
10011011
10010000
00000000
00000000
00001000
00000000
00000000       1207 |     0.00 |       0.00 +/-       0.00

00000000
10010100
10010010
00000000
10000001
00000000
00000000
00000000       1080 |     0.00 |       0.00 +/-       0.00

00000000
10010101
10010010
00000000
10000100
00000000
00000000
00000000        990 |     0.00 |       0.00 +/-       0.00

00000000
10010001
10010000
00000000
10000110
00000000
00000000
00000000        900 |     0.00 |       0.00 +/-       0.00

01100011
00000000
00000000
01100100
01100000
00000000
00000000
00000000        846 |     0.00 |       0.00 +/-       0.00

00000000
10001111
10000000
10000000
00000000
00000000
00000000
00000000        672 |     0.00 |       0.00 +/-       0.00

01100110
00000000
00000000
01100101
01100000
00000000
00000000
00000000        459 |     0.00 |       0.00 +/-       0.00

00000000
10010100
10010000
00000000
10000111
00000000
00000000
00000000        450 |     0.00 |       0.00 +/-       0.00

00000000
10011100
10011001
00000000
00000000
00000000
00000100
00000000        450 |     0.00 |       0.00 +/-       0.00

01100111
00000000
00000000
01100100
01100000
00000000
00000000
00000000        441 |     0.00 |       0.00 +/-       0.00

00000000
10011111
10011110
00000000
00000000
00000000
00000000
00000000        420 |     0.00 |       0.00 +/-       0.00

00000000
10011101
10011000
00000000
00000000
00000000
00000100
00000000        405 |     0.00 |       0.00 +/-       0.00

00000000
10011001
10011000
00000000
00000000
10000010
00000000
00000000        380 |     0.00 |       0.00 +/-       0.00

00000000
10011101
10011100
00000000
00000000
00000000
10000000
00000000        380 |     0.00 |       0.00 +/-       0.00

00000000
10010111
10010000
00000000
10000100
00000000
00000000
00000000        360 |     0.00 |       0.00 +/-       0.00

00000000
10011000
10010000
00000000
00000000
00001011
00000000
00000000        330 |     0.00 |       0.00 +/-       0.00

00000000
10010000
10010000
00000000
10000111
00000000
00000000
00000000        240 |     0.00 |       0.00 +/-       0.00

00000000
10011100
10011000
00000000
00000000
00000000
00000101
00000000        220 |     0.00 |       0.00 +/-       0.00

01100111
00000000
00000000
01100000
01100000
00000000
00000000
00000000        204 |     0.00 |       0.00 +/-       0.00

00000000
10011010
10011001
00000000
00000000
10000010
00000000
00000000        200 |     0.00 |       0.00 +/-       0.00

01100101
00000000
00000000
01100100
01100010
00000000
00000000
00000000        195 |     0.00 |       0.00 +/-       0.00

01100111
00000000
00000000
01100110
01100000
00000000
00000000
00000000        190 |     0.00 |       0.00 +/-       0.00

00000000
10011011
10011000
00000000
00000000
10000010
00000000
00000000        180 |     0.00 |       0.00 +/-       0.00

01100001
00000000
00000000
01000010
00100000
01000000
00000000
00000000        180 |     0.00 |       0.00 +/-       0.00

01100000
00000000
00000000
01000010
00100001
00100000
00000000
00000000        120 |     0.00 |       0.00 +/-       0.00

01100001
00000000
00000000
01000010
00100000
00100000
00000000
00000000        108 |     0.00 |       0.00 +/-       0.00

00000000
10010100
10010010
00000000
10000101
00000000
00000000
00000000        100 |     0.00 |       0.00 +/-       0.00

00000000
10010000
10001001
00000000
00000000
00010000
00001000
00000000         90 |     0.00 |       0.00 +/-       0.00

00000000
10011000
10010001
00000000
00000000
00001000
10000000
00000000         90 |     0.00 |       0.00 +/-       0.00

00000000
10011001
10010000
00000000
00000000
00001000
10000000
00000000         90 |     0.00 |       0.00 +/-       0.00

01100100
00000000
00000000
01100010
01100001
00000000
00000000
00000000         90 |     0.00 |       0.00 +/-       0.00

01100000
00000000
00000000
01000011
00100000
01000000
00000000
00000000         72 |     0.00 |       0.00 +/-       0.00

01100011
00000000
00000000
01000000
00100000
00100000
00000000
00000000         72 |     0.00 |       0.00 +/-       0.00

00000000
10011000
10010000
00000000
00000000
00001001
10000000
00000000         60 |     0.00 |       0.00 +/-       0.00

01100110
00000000
00000000
01100101
01100010
00000000
00000000
00000000         55 |     0.00 |       0.00 +/-       0.00

01100100
00000000
00000000
01100100
01100011
00000000
00000000
00000000         45 |     0.00 |       0.00 +/-       0.00

01100111
00000000
00000000
01100100
01100010
00000000
00000000
00000000         45 |     0.00 |       0.00 +/-       0.00

00000000
10011110
10011100
00000000
00000000
00000000
00000000
00000010         40 |     0.00 |       0.00 +/-       0.00

00000000
10010000
10001000
00000000
00000000
00010001
00001000
00000000         35 |     0.00 |       0.00 +/-       0.00

01100000
00000000
00000000
01000011
00100000
00100000
00000000
00000000         30 |     0.00 |       0.00 +/-       0.00

00000000
10010001
10010000
00000000
10000100
00000000
00000100
00000000         20 |     0.00 |       0.00 +/-       0.00

00000000
10010110
10010001
00000000
10000110
00000000
00000000
00000000         20 |     0.00 |       0.00 +/-       0.00

00000000
10011100
10011000
00000000
00000000
00000000
00000100
10000000         20 |     0.00 |       0.00 +/-       0.00

00000000
10011100
10011100
00000000
00000000
00000000
10000001
00000000         20 |     0.00 |       0.00 +/-       0.00

00000000
10011101
10011100
00000000
00000000
00000000
10000001
00000000         20 |     0.00 |       0.00 +/-       0.00

00000000
10010000
10000010
00000000
10000001
00010000
00000000
00000000         18 |     0.00 |       0.00 +/-       0.00

00000000
10010000
10010000
00000000
10000101
00000000
00000100
00000000         18 |     0.00 |       0.00 +/-       0.00

00000000
10010000
10010000
00000000
10000100
00000000
00000101
00000000         12 |     0.00 |       0.00 +/-       0.00

00000000
10010100
10010010
00000000
10000100
00000000
00000000
00000010         10 |     0.00 |       0.00 +/-       0.00

00000000
10011000
10010000
00000000
00000000
10000001
00001000
00000000         10 |     0.00 |       0.00 +/-       0.00

00000000
10011000
10010100
00000000
00000000
00000000
00001000
00000100         10 |     0.00 |       0.00 +/-       0.00

00000000
10011110
10011110
00000000
00000000
00000000
00000000
10000000         10 |     0.00 |       0.00 +/-       0.00

01100100
00000000
00000000
01100001
01100000
00000000
00000100
00000000         10 |     0.00 |       0.00 +/-       0.00

01100110
00000000
00000000
01100110
01100001
00000000
00000000
00000000         10 |     0.00 |       0.00 +/-       0.00

01100111
00000000
00000000
01100110
01100001
00000000
00000000
00000000         10 |     0.00 |       0.00 +/-       0.00

01100111
00000000
00000000
01100111
01100000
00000000
00000000
00000000         10 |     0.00 |       0.00 +/-       0.00

01100101
00000000
00000000
01100000
01100000
00000000
00000100
00000000          9 |     0.00 |       0.00 +/-       0.00

00000000
10011111
10011111
00000000
00000000
00000000
00000000
00000000          7 |     0.00 |       0.00 +/-       0.00

01100100
00000000
00000000
01100000
01100000
00000000
00000101
00000000          6 |     0.00 |       0.00 +/-       0.00

01100110
00000000
00000000
01100100
01100000
00000000
00000000
00000010          5 |     0.00 |       0.00 +/-       0.00

01100100
00000000
00000000
01100100
01100010
00000000
00000000
00000010          1 |     0.00 |       0.00 +/-       0.00

